1	0.05789	0.04866	0.04486	0.05734	0.04466	0.06176	0.06258	0.04763	0.04235	0.03989	0.04614	0.04338	0.04428	0.05798	0.05751	0.05523	0.06179	0.04369	0.06404	0.05854	0.06757	0.04796	0.04254	0.04536	0.06982	0.05428	0.05473	0.05429	0.04445	0.04389	0.05852	0.06016	0.06068	0.04848	0.06396	0.07044	0.04699	0.04629	0.04260	0.04308	0.06399	0.06350	0.06781	0.04565	0.04716	0.04181	0.04776	0.04752	0.05062	0.05859	0.04126	0.05698	0.04217	0.04630	0.05212	0.04462	0.03982	0.05339	0.05850	0.04167	0.04037	0.06491
2	0.08584	0.07498	0.07034	0.08791	0.06621	0.09411	0.08985	0.07396	0.06926	0.06341	0.07004	0.06777	0.06718	0.08453	0.08663	0.08300	0.09122	0.07129	0.09467	0.08974	0.10367	0.07209	0.06831	0.07170	0.10336	0.07825	0.08421	0.08416	0.06866	0.06842	0.08673	0.08991	0.09243	0.07506	0.09640	0.11003	0.06673	0.07444	0.06560	0.05983	0.09860	0.09531	0.10000	0.06620	0.07384	0.06166	0.07578	0.07378	0.07534	0.08735	0.06641	0.08392	0.06838	0.07363	0.08165	0.06978	0.06454	0.08360	0.08957	0.06502	0.05697	0.10413
3	0.11594	0.10350	0.09952	0.12114	0.08933	0.12751	0.11513	0.10450	0.10194	0.09154	0.09553	0.09594	0.09202	0.11063	0.11628	0.11135	0.12211	0.10451	0.12696	0.12319	0.14273	0.09896	0.09779	0.10247	0.13662	0.10139	0.11829	0.11877	0.09627	0.09810	0.11507	0.12283	0.12651	0.10493	0.13058	0.15210	0.08724	0.10621	0.09254	0.07842	0.13560	0.12907	0.13190	0.08886	0.10424	0.08483	0.10806	0.10303	0.10152	0.11865	0.09642	0.11177	0.09819	0.10629	0.11586	0.09773	0.09439	0.11659	0.12197	0.09187	0.07543	0.14687
4	0.15902	0.14178	0.13970	0.16596	0.12243	0.17105	0.14967	0.14767	0.14727	0.13147	0.12995	0.13545	0.12618	0.14647	0.15474	0.14905	0.16438	0.14946	0.17220	0.16699	0.19545	0.13699	0.13672	0.14412	0.18001	0.13296	0.16635	0.16675	0.13462	0.14083	0.15272	0.17027	0.17241	0.14577	0.17586	0.20563	0.11809	0.14721	0.13138	0.10932	0.18430	0.17472	0.17422	0.12315	0.14570	0.12034	0.15181	0.14295	0.13808	0.16271	0.13785	0.15043	0.13683	0.15081	0.16346	0.13415	0.13495	0.15956	0.16368	0.12907	0.10495	0.19957
5	0.20848	0.18412	0.18592	0.21545	0.16037	0.21745	0.18643	0.19835	0.20122	0.17936	0.16769	0.18147	0.16444	0.18526	0.19466	0.18978	0.20994	0.20073	0.22253	0.21393	0.25413	0.18024	0.17997	0.19072	0.22479	0.16630	0.22187	0.22132	0.17848	0.19174	0.19242	0.22516	0.22275	0.19163	0.22396	0.26211	0.15329	0.19197	0.17759	0.14844	0.23733	0.22417	0.21864	0.16382	0.19256	0.16444	0.20175	0.18824	0.17892	0.21219	0.18614	0.19274	0.17926	0.20121	0.21834	0.17374	0.18130	0.20615	0.20780	0.17202	0.14136	0.25395
6	0.26307	0.22942	0.23703	0.26857	0.20206	0.26558	0.22438	0.25568	0.26254	0.23402	0.20768	0.23228	0.20589	0.22611	0.23515	0.23260	0.25794	0.25699	0.27657	0.26334	0.31756	0.22713	0.22629	0.24083	0.27055	0.20093	0.28337	0.28051	0.22678	0.24962	0.23327	0.28596	0.27640	0.24123	0.27368	0.32021	0.19187	0.23979	0.23018	0.19639	0.29409	0.27613	0.26449	0.20969	0.24344	0.21682	0.25690	0.23787	0.22261	0.26574	0.23995	0.23760	0.22429	0.25575	0.27881	0.21642	0.23202	0.25562	0.25402	0.22012	0.18459	0.30909
7	0.32134	0.27653	0.29137	0.32384	0.24649	0.31450	0.26360	0.31841	0.32940	0.29380	0.24843	0.28612	0.24932	0.26847	0.27536	0.27686	0.30688	0.31645	0.33253	0.31319	0.38413	0.27526	0.27424	0.29214	0.31612	0.23612	0.34826	0.34116	0.27762	0.31097	0.27415	0.35102	0.33169	0.29261	0.32359	0.37788	0.23247	0.28910	0.28721	0.25106	0.35295	0.32869	0.31052	0.25839	0.29651	0.27506	0.31530	0.29060	0.26785	0.32147	0.29743	0.28401	0.27055	0.31162	0.34313	0.26053	0.28465	0.30664	0.30096	0.27153	0.23246	0.36318
8	0.38104	0.32361	0.34677	0.37935	0.29182	0.36249	0.30296	0.38430	0.39934	0.35640	0.28806	0.34066	0.29316	0.31095	0.31440	0.32134	0.35517	0.37717	0.38791	0.36179	0.45128	0.32242	0.32219	0.34265	0.36020	0.27099	0.41355	0.40074	0.32891	0.37226	0.31377	0.41773	0.38636	0.34341	0.37213	0.43314	0.27327	0.33805	0.34618	0.30918	0.41177	0.37974	0.35527	0.30721	0.34957	0.33655	0.37456	0.34421	0.31284	0.37712	0.35619	0.33038	0.31652	0.36657	0.40881	0.30426	0.33694	0.35736	0.34685	0.32396	0.28231	0.41467
9	0.44029	0.36966	0.40184	0.43441	0.33716	0.40884	0.34185	0.45089	0.47000	0.41995	0.32629	0.39406	0.33693	0.35307	0.35253	0.36544	0.40196	0.43808	0.44094	0.40878	0.51712	0.36784	0.36926	0.39159	0.40291	0.30553	0.47722	0.45804	0.37955	0.43140	0.35212	0.48383	0.43931	0.39292	0.41835	0.48555	0.31331	0.38551	0.40531	0.36785	0.46946	0.42790	0.39858	0.35461	0.40151	0.39918	0.43289	0.39682	0.35638	0.43114	0.41430	0.37575	0.36122	0.41920	0.47368	0.34655	0.38758	0.40624	0.39069	0.37604	0.33231	0.46340
10	0.49787	0.41382	0.45537	0.48799	0.38170	0.45310	0.37982	0.51631	0.53948	0.48264	0.36325	0.44533	0.38002	0.39450	0.39029	0.40911	0.44651	0.49772	0.49084	0.45385	0.58078	0.41086	0.41480	0.43867	0.44480	0.33963	0.53769	0.51214	0.42840	0.48680	0.38951	0.54788	0.48990	0.44063	0.46168	0.53577	0.35159	0.43157	0.46273	0.42457	0.52523	0.47236	0.44071	0.39924	0.45167	0.46094	0.48871	0.44717	0.39779	0.48220	0.47009	0.41928	0.40454	0.46835	0.53650	0.38714	0.43561	0.45276	0.43249	0.42681	0.38068	0.51066
11	0.55349	0.45576	0.50685	0.53958	0.42476	0.49543	0.41646	0.57948	0.60665	0.54331	0.39914	0.49426	0.42197	0.43513	0.42824	0.45257	0.48910	0.55534	0.53793	0.49695	0.64238	0.45125	0.45887	0.48491	0.48680	0.37282	0.59475	0.56330	0.47483	0.53795	0.42627	0.60959	0.53834	0.48652	0.50245	0.58517	0.38756	0.47610	0.51717	0.47804	0.57918	0.51346	0.48220	0.44044	0.49991	0.52060	0.54156	0.49504	0.43689	0.52991	0.52292	0.46072	0.44680	0.51408	0.59715	0.42655	0.48070	0.49741	0.47248	0.47574	0.42647	0.55903
12	0.60810	0.49638	0.55685	0.58980	0.46631	0.53712	0.45208	0.64019	0.67136	0.60197	0.43430	0.54128	0.46310	0.47551	0.46685	0.49612	0.53079	0.61136	0.58362	0.53838	0.70292	0.48953	0.50230	0.53200	0.52983	0.40453	0.64960	0.61291	0.51909	0.58566	0.46275	0.67012	0.58587	0.53134	0.54181	0.63517	0.42147	0.51883	0.56848	0.52837	0.63237	0.55254	0.52383	0.47857	0.54690	0.57872	0.59221	0.54179	0.47427	0.57514	0.57360	0.50085	0.48853	0.55775	0.65672	0.46546	0.52325	0.54129	0.51123	0.52280	0.46983	0.61030
13	0.66322	0.53678	0.60662	0.63983	0.50708	0.57919	0.48737	0.69886	0.73475	0.65954	0.46897	0.58744	0.50420	0.51639	0.50617	0.54014	0.57282	0.66639	0.62942	0.57894	0.76356	0.52739	0.54587	0.58127	0.57417	0.43480	0.70405	0.66287	0.56244	0.63192	0.49966	0.73057	0.63359	0.57571	0.58141	0.68662	0.45425	0.55982	0.61802	0.57685	0.68596	0.59142	0.56651	0.51537	0.59398	0.63731	0.64233	0.58890	0.51112	0.61947	0.62364	0.54087	0.53034	0.60121	0.71651	0.50459	0.56437	0.58531	0.54984	0.56842	0.51212	0.66480
14	0.71985	0.57797	0.65750	0.69090	0.54821	0.62238	0.52304	0.75589	0.79814	0.71710	0.50349	0.63399	0.54613	0.55841	0.54634	0.58492	0.61589	0.72127	0.67589	0.62010	0.82504	0.56621	0.59043	0.63350	0.61996	0.46374	0.75918	0.71423	0.60643	0.67902	0.53780	0.79127	0.68263	0.62028	0.62222	0.73978	0.48692	0.59975	0.66752	0.62539	0.74080	0.63113	0.61083	0.55238	0.64247	0.69779	0.69367	0.63762	0.54877	0.66398	0.67428	0.58164	0.57272	0.64548	0.77733	0.54509	0.60536	0.63000	0.58941	0.61362	0.55504	0.72220
15	0.77772	0.62069	0.71056	0.74381	0.59053	0.66734	0.55988	0.81139	0.86237	0.77535	0.53837	0.68149	0.58938	0.60176	0.58759	0.63049	0.65951	0.77673	0.72231	0.66267	0.88716	0.60667	0.63672	0.68839	0.66670	0.49147	0.81473	0.76660	0.65228	0.72797	0.57765	0.85138	0.73382	0.66578	0.66444	0.79422	0.52020	0.64027	0.71832	0.67501	0.79691	0.67172	0.65653	0.59031	0.69320	0.76009	0.74721	0.68864	0.58806	0.70879	0.72594	0.62337	0.61611	0.69085	0.83879	0.58786	0.64704	0.67548	0.63038	0.65944	0.59947	0.78109
16	0.83532	0.66496	0.76577	0.79812	0.63423	0.71347	0.59830	0.86514	0.92739	0.83395	0.57378	0.72953	0.63360	0.64593	0.62990	0.67653	0.70208	0.83251	0.76728	0.70635	0.94794	0.64858	0.68492	0.74447	0.71280	0.51822	0.86894	0.81831	0.70019	0.77796	0.61881	0.90928	0.78618	0.71220	0.70745	0.84844	0.55399	0.68267	0.77056	0.72531	0.85269	0.71228	0.70217	0.62860	0.74610	0.82267	0.80249	0.74149	0.62891	0.75287	0.77778	0.66571	0.66082	0.73665	0.89941	0.63259	0.68924	0.72119	0.67214	0.70619	0.64500	0.83893
17	0.89076	0.71006	0.82173	0.85242	0.67886	0.75928	0.63793	0.91615	0.99157	0.89165	0.60943	0.77682	0.67790	0.68994	0.67244	0.72203	0.74202	0.88762	0.80908	0.74985	1.00500	0.69087	0.73412	0.79963	0.75656	0.54410	0.91980	0.86708	0.74922	0.82688	0.65993	0.96330	0.83784	0.75867	0.74973	0.89915	0.58794	0.72646	0.82322	0.77482	0.90584	0.75102	0.74607	0.66618	0.79990	0.88309	0.85762	0.79463	0.67055	0.79484	0.82794	0.70811	0.70571	0.78140	0.95729	0.67746	0.73054	0.76529	0.71284	0.75319	0.69027	0.89243
18	0.94232	0.75442	0.87606	0.90462	0.72343	0.80284	0.67791	0.96290	1.05264	0.94649	0.64449	0.82139	0.72107	0.73263	0.71392	0.76527	0.77790	0.94034	0.84621	0.79139	1.05631	0.73218	0.78253	0.85150	0.79641	0.56924	0.96567	0.91109	0.79772	0.87229	0.69947	1.01222	0.88659	0.80356	0.78977	0.94359	0.62161	0.76977	0.87467	0.82149	0.95403	0.78640	0.78689	0.70203	0.85251	0.93977	0.91010	0.84564	0.71181	0.83324	0.87402	0.74974	0.74882	0.82333	1.01079	0.72005	0.76896	0.80572	0.75066	0.79881	0.73373	0.93881
19	0.98874	0.79610	0.92641	0.95253	0.76670	0.84221	0.71710	1.00404	1.10885	0.99644	0.67778	0.86184	0.76170	0.77274	0.75316	0.80493	0.80871	0.98852	0.87782	0.82962	1.10062	0.77104	0.82804	0.89829	0.83134	0.59377	1.00547	0.94893	0.84378	0.91219	0.73655	1.05571	0.93055	0.84505	0.82608	0.98036	0.65429	0.81058	0.92309	0.86355	0.99560	0.81720	0.82393	0.73540	0.90194	0.99138	0.95764	0.89229	0.75144	0.86672	0.91396	0.78929	0.78809	0.86060	1.05922	0.75873	0.80294	0.84100	0.78428	0.84098	0.77386	0.97787
20	1.02914	0.83357	0.97111	0.99509	0.80732	0.87612	0.75418	1.03873	1.15899	1.04010	0.70840	0.89716	0.79865	0.80926	0.78946	0.84025	0.83411	1.03087	0.90373	0.86381	1.13770	0.80579	0.86923	0.93937	0.86134	0.61741	1.03888	0.97957	0.88578	0.94548	0.77037	1.09380	0.96882	0.88209	0.85728	1.00960	0.68496	0.84724	0.96664	0.90010	1.03063	0.84228	0.85709	0.76519	0.94659	1.03726	0.99935	0.93347	0.78821	0.89459	0.94674	0.82575	0.82252	0.89195	1.10253	0.79241	0.83175	0.87073	0.81309	0.87871	0.80942	1.01105
21	1.06317	0.86635	1.00922	1.03204	0.84401	0.90433	0.78823	1.06688	1.20286	1.07686	0.73592	0.92612	0.83111	0.84168	0.82213	0.87094	0.85460	1.06669	0.92447	0.89270	1.16807	0.83521	0.90515	0.97439	0.88632	0.63987	1.06634	1.00286	0.92269	0.97174	0.80020	1.12647	1.00112	0.91433	0.88300	1.03179	0.71257	0.87869	1.00411	0.93082	1.05965	0.86124	0.88676	0.79057	0.98555	1.07769	1.03533	0.96971	0.82099	0.91708	0.97238	0.85862	0.85182	0.91706	1.14101	0.82035	0.85527	0.89501	0.83685	0.91157	0.83982	1.03964
22	1.09130	0.89441	1.04061	1.06333	0.87598	0.92684	0.81861	1.08935	1.24107	1.10694	0.75976	0.94812	0.85878	0.86989	0.85045	0.89695	0.87132	1.09567	0.94135	0.91592	1.19258	0.85870	0.93514	1.00360	0.90657	0.66089	1.08889	1.02003	0.95427	0.99166	0.82565	1.15317	1.02734	0.94144	0.90354	1.04797	0.73645	0.90399	1.03534	0.95635	1.08327	0.87447	0.91384	0.81138	1.01870	1.11230	1.06631	1.00183	0.84926	0.93524	0.99169	0.88801	0.87618	0.93642	1.17460	0.84269	0.87394	0.91419	0.85609	0.93952	0.86533	1.06474
23	1.11402	0.91813	1.06589	1.08976	0.90302	0.94409	0.84468	1.10698	1.27367	1.13099	0.77949	0.96320	0.88206	0.89423	0.87441	0.91841	0.88560	1.11842	0.95517	0.93404	1.21223	0.87640	0.95943	1.02789	0.92334	0.68014	1.10764	1.03263	0.98122	1.00681	0.84723	1.17219	1.04837	0.96381	0.91973	1.05992	0.75652	0.92314	1.06091	0.97798	1.10258	0.88305	0.93945	0.82850	1.04629	1.13900	1.09327	1.03039	0.87322	0.95056	1.00592	0.91423	0.89610	0.95096	1.20221	0.86064	0.88873	0.92892	0.87213	0.96308	0.88692	1.08649
24	1.13104	0.93838	1.08614	1.11238	0.92563	0.95716	0.86655	1.12020	1.29984	1.14972	0.79498	0.97210	0.90186	0.91560	0.89457	0.93569	0.89822	1.13606	0.96587	0.94814	1.22740	0.88896	0.97895	1.04822	0.93782	0.69734	1.12246	1.04184	1.00447	1.01849	0.86601	1.18116	1.06530	0.98237	0.93296	1.06992	0.77302	0.93746	1.08171	0.99657	1.11754	0.88845	0.96408	0.84296	1.06909	1.15462	1.11703	1.05518	0.89367	0.96410	1.01655	0.93769	0.91294	0.96206	1.22152	0.87598	0.90118	0.94063	0.88669	0.98311	0.90565	1.10358
25	1.14061	0.95655	1.10250	1.13183	0.94457	0.96733	0.88493	1.12879	1.31793	1.16342	0.80662	0.97594	0.91912	0.93468	0.91193	0.94976	0.90892	1.14985	0.97240	0.95965	1.23681	0.89733	0.99503	1.06541	0.95105	0.71224	1.13217	1.04883	1.02461	1.02755	0.88315	1.17927	1.07878	0.99830	0.94448	1.07940	0.78635	0.94879	1.09826	1.01163	1.12702	0.89209	0.98685	0.85570	1.08817	1.15697	1.13732	1.07456	0.91164	0.97609	1.02489	0.95872	0.92829	0.97142	1.23062	0.89023	0.91279	0.95059	0.90081	1.00083	0.92113	1.11331
26	1.14163	0.97346	1.11510	1.14734	0.96062	0.97585	0.90067	1.13200	1.32578	1.17121	0.81509	0.97595	0.93470	0.95161	0.92767	0.96149	0.91659	1.16063	0.97383	0.96965	1.23907	0.90273	1.00883	1.07925	0.96348	0.72458	1.13541	1.05390	1.04134	1.03376	0.89920	1.16752	1.08862	1.01273	0.95536	1.08821	0.79739	0.95874	1.10979	1.02170	1.12938	0.89523	1.00527	0.86759	1.10370	1.14742	1.15250	1.08665	0.92809	0.98565	1.03094	0.97673	0.94320	0.98022	1.22902	0.90333	0.92423	0.95935	0.91407	1.01746	0.93198	1.11439
27	1.13443	0.98880	1.12315	1.15753	0.97412	0.98346	0.91456	1.12993	1.32301	1.17210	0.82120	0.97323	0.94888	0.96571	0.94272	0.97142	0.92011	1.16825	0.97050	0.97892	1.23363	0.90680	1.02012	1.08828	0.97390	0.73451	1.13274	1.05676	1.05338	1.03581	0.91410	1.14864	1.09374	1.02592	0.96634	1.09436	0.80740	0.96851	1.11529	1.02527	1.12419	0.89888	1.01716	0.87931	1.11487	1.12956	1.16039	1.09028	0.94367	0.99181	1.03375	0.99056	0.95674	0.98846	1.21811	0.91369	0.93493	0.96633	0.92450	1.03238	0.93684	1.10779
28	1.12110	1.00069	1.12550	1.16136	0.98447	0.98919	0.92715	1.12386	1.31087	1.16613	0.82575	0.96952	0.96101	0.97576	0.95766	0.97935	0.92057	1.17192	0.96427	0.98838	1.22151	0.91093	1.02781	1.09168	0.98124	0.74236	1.12605	1.05704	1.05969	1.03324	0.92710	1.12671	1.09293	1.03678	0.97659	1.09661	0.81762	0.97895	1.11431	1.02294	1.11275	0.90266	1.02207	0.89071	1.12048	1.10779	1.16033	1.08614	0.95816	0.99442	1.03227	0.99906	0.96690	0.99526	1.20082	0.91979	0.94322	0.97024	0.93079	1.04401	0.93591	1.09650
29	1.10448	1.00771	1.12187	1.15955	0.99064	0.99213	0.93800	1.11531	1.29151	1.15484	0.82989	0.96635	0.97019	0.98110	0.97259	0.98458	0.92011	1.17089	0.95759	0.99709	1.20547	0.91585	1.03106	1.08980	0.98520	0.74858	1.11793	1.05508	1.06039	1.02669	0.93671	1.10524	1.08706	1.04402	0.98488	1.09522	0.82853	0.99018	1.10764	1.01651	1.09782	0.90557	1.02162	0.90066	1.12020	1.08601	1.15344	1.07622	0.97058	0.99461	1.02700	1.00256	0.97205	0.99990	1.18048	0.92195	0.94844	0.97053	0.93301	1.05091	0.93090	1.08408
30	1.08723	1.00989	1.11323	1.15375	0.99237	0.99232	0.94652	1.10627	1.26802	1.14073	0.83501	0.96421	0.97593	0.98256	0.98611	0.98654	0.92128	1.16571	0.95282	1.00371	1.18862	0.92123	1.03035	1.08396	0.98643	0.75425	1.11103	1.05217	1.05700	1.01782	0.94223	1.08677	1.07773	1.04687	0.99044	1.09189	0.83948	1.00115	1.09721	1.00845	1.08205	0.90692	1.01830	0.90828	1.11495	1.06714	1.14190	1.06337	0.97978	0.99439	1.01994	1.00251	0.97259	1.00269	1.16019	0.92175	0.95112	0.96815	0.93263	1.05325	0.92438	1.07288
31	1.07141	1.00894	1.10144	1.14607	0.99044	0.99087	0.95230	1.09873	1.24350	1.12679	0.84247	0.96300	0.97860	0.98188	0.99683	0.98569	0.92629	1.15784	0.95179	1.00793	1.17364	0.92616	1.02718	1.07612	0.98659	0.76055	1.10714	1.05004	1.05172	1.00908	0.94403	1.07274	1.06693	1.04551	0.99379	1.08871	0.84929	1.01029	1.08533	1.00127	1.06754	0.90747	1.01435	0.91384	1.10648	1.05313	1.12792	1.05048	0.98528	0.99556	1.01371	1.00101	0.97066	1.00473	1.14224	0.92126	0.95274	0.96479	0.93192	1.05224	0.91861	1.06435
32	1.05858	1.00692	1.08863	1.13855	0.98642	0.98936	0.95545	1.09378	1.22052	1.11518	0.85268	0.96257	0.97939	0.98107	1.00459	0.98308	0.93584	1.14923	0.95525	1.01013	1.16263	0.93020	1.02356	1.06830	0.98736	0.76869	1.10713	1.04976	1.04677	1.00239	0.94358	1.06375	1.05712	1.04141	0.99631	1.08757	0.85739	1.01688	1.07414	0.99659	1.05587	0.90866	1.01143	0.91865	1.09673	1.04484	1.11367	1.03970	0.98796	0.99933	1.01034	0.99984	0.96885	1.00731	1.12814	0.92251	0.95517	0.96241	0.93292	1.04962	0.91548	1.05933
33	1.04964	1.00571	1.07646	1.13269	0.98220	0.98938	0.95686	1.09186	1.20100	1.10738	0.86516	0.96317	0.97980	0.98201	1.01002	0.98011	0.94938	1.14148	0.96319	1.01156	1.15631	0.93393	1.02129	1.06205	0.98985	0.77970	1.11103	1.05201	1.04375	0.99908	0.94289	1.05976	1.04970	1.03635	0.99929	1.08985	0.86417	1.02174	1.06555	0.99532	1.04818	0.91191	1.01032	0.92416	1.08752	1.04157	1.10114	1.03218	0.98933	1.00620	1.01102	1.00022	0.96923	1.01120	1.11859	0.92690	0.96003	0.96267	0.93720	1.04696	0.91600	1.05768
34	1.04472	1.00679	1.06615	1.12935	0.97933	0.99185	0.95811	1.09273	1.18572	1.10407	0.87861	0.96540	0.98130	0.98567	1.01432	0.97835	0.96562	1.13570	0.97479	1.01345	1.15412	0.93801	1.02152	1.05817	0.99469	0.79358	1.11780	1.05681	1.04331	0.99981	0.94351	1.06022	1.04547	1.03194	1.00335	1.09604	0.87067	1.02652	1.06062	0.99777	1.04471	0.91789	1.01125	0.93136	1.08030	1.04195	1.09155	1.02824	0.99087	1.01589	1.01600	1.00279	0.97324	1.01674	1.11341	0.93500	0.96830	0.96623	0.94547	1.04562	0.92009	1.05879
35	1.04302	1.01078	1.05841	1.12873	0.97889	0.99725	0.96032	1.09547	1.17442	1.10473	0.89209	0.96968	0.98466	0.99217	1.01874	0.97884	0.98295	1.13248	0.98842	1.01578	1.15522	0.94300	1.02450	1.05670	1.00155	0.80936	1.12609	1.06359	1.04540	1.00413	0.94618	1.06414	1.04497	1.02928	1.00875	1.10539	0.87823	1.03267	1.05951	1.00328	1.04497	0.92661	1.01396	0.94052	1.07599	1.04488	1.08511	1.02761	0.99356	1.02752	1.02462	1.00750	0.98110	1.02386	1.11188	0.94622	0.97996	0.97290	0.95715	1.04647	0.92711	1.06171
36	1.04373	1.01753	1.05334	1.13017	0.98141	1.00552	0.96419	1.09934	1.16683	1.10839	0.90520	0.97591	0.98989	1.00093	1.02388	0.98185	1.00036	1.13203	1.00303	1.01895	1.15848	0.94921	1.02983	1.05695	1.00952	0.82545	1.13482	1.07185	1.04958	1.01124	0.95094	1.07047	1.04741	1.02895	1.01544	1.11646	0.88753	1.04021	1.06174	1.01084	1.04801	0.93760	1.01774	0.95117	1.07481	1.05001	1.08114	1.02967	0.99773	1.03993	1.03590	1.01365	0.99194	1.03212	1.11313	0.95923	0.99393	0.98169	0.97086	1.04959	0.93619	1.06542
37	1.04635	1.02635	1.05052	1.13287	0.98663	1.01576	0.97001	1.10373	1.16217	1.11394	0.91812	0.98404	0.99646	1.01093	1.02987	0.98690	1.01735	1.13386	1.01800	1.02305	1.16292	0.95658	1.03667	1.05818	1.01807	0.84081	1.14361	1.08084	1.05521	1.02027	0.95749	1.07843	1.05178	1.03103	1.02307	1.12771	0.89861	1.04897	1.06641	1.01948	1.05292	0.95010	1.02216	0.96283	1.07644	1.05664	1.07863	1.03367	1.00294	1.05237	1.04866	1.02030	1.00447	1.04068	1.11661	0.97318	1.00902	0.99127	0.98517	1.05427	0.94662	1.06989
38	1.05068	1.03620	1.04926	1.13635	0.99377	1.02696	0.97720	1.10812	1.15954	1.12024	0.93118	0.99373	1.00377	1.02137	1.03655	0.99319	1.03363	1.13716	1.03296	1.02776	1.16847	0.96497	1.04421	1.06055	1.02695	0.85518	1.15245	1.08997	1.06176	1.03029	0.96533	1.08724	1.05743	1.03509	1.03108	1.13877	0.91100	1.05885	1.07256	1.02855	1.05917	0.96321	1.02710	0.97488	1.08019	1.06401	1.07711	1.03896	1.00876	1.06442	1.06174	1.02699	1.01748	1.04911	1.12174	0.98765	1.02447	1.00103	0.99943	1.05967	0.95822	1.07530
39	1.05637	1.04630	1.04931	1.14035	1.00225	1.03838	0.98514	1.11256	1.15858	1.12675	0.94477	1.00428	1.01147	1.03199	1.04357	1.00020	1.04920	1.14131	1.04751	1.03324	1.17528	0.97402	1.05213	1.06405	1.03615	0.86900	1.16117	1.09919	1.06888	1.04103	0.97395	1.09622	1.06381	1.04059	1.03905	1.14974	0.92398	1.06971	1.07957	1.03784	1.06650	0.97641	1.03262	0.98663	1.08556	1.07158	1.07640	1.04512	1.01471	1.07599	1.07489	1.03340	1.03040	1.05743	1.12786	1.00241	1.03992	1.01086	1.01344	1.06516	0.97049	1.08170
40	1.06297	1.05689	1.05064	1.14487	1.01171	1.04996	0.99374	1.11716	1.15891	1.13319	0.95920	1.01542	1.01937	1.04259	1.05110	1.00786	1.06427	1.14617	1.06139	1.03927	1.18330	0.98322	1.06055	1.06862	1.04581	0.88284	1.16922	1.10854	1.07643	1.05225	0.98301	1.10490	1.07083	1.04709	1.04713	1.16067	0.93684	1.08109	1.08691	1.04709	1.07437	0.98962	1.03861	0.99783	1.09208	1.07929	1.07630	1.05209	1.02035	1.08704	1.08803	1.03941	1.04356	1.06596	1.13440	1.01727	1.05541	1.02090	1.02711	1.07049	0.98285	1.08919
41	1.07002	1.06810	1.05329	1.14995	1.02189	1.06211	1.00278	1.12197	1.16015	1.13912	0.97419	1.02690	1.02719	1.05312	1.05927	1.01612	1.07925	1.15177	1.07460	1.04586	1.19215	0.99266	1.06967	1.07420	1.05589	0.89711	1.17665	1.11817	1.08436	1.06360	0.99241	1.11309	1.07853	1.05443	1.05581	1.17115	0.94905	1.09238	1.09417	1.05587	1.08252	1.00291	1.04482	1.00864	1.09929	1.08717	1.07685	1.05976	1.02573	1.09739	1.10105	1.04514	1.05683	1.07495	1.14085	1.03197	1.07103	1.03132	1.04038	1.07567	0.99487	1.09761
42	1.07753	1.07992	1.05709	1.15550	1.03263	1.07512	1.01214	1.12727	1.16194	1.14456	0.98943	1.03836	1.03495	1.06364	1.06782	1.02490	1.09460	1.15800	1.08767	1.05362	1.20116	1.00275	1.07947	1.08058	1.06639	0.91199	1.18377	1.12808	1.09262	1.07528	1.00228	1.12101	1.08638	1.06226	1.06495	1.18108	0.96052	1.10335	1.10118	1.06412	1.09101	1.01657	1.05121	1.01949	1.10678	1.09518	1.07832	1.06798	1.03103	1.10695	1.11387	1.05073	1.07012	1.08419	1.14696	1.04650	1.08665	1.04223	1.05331	1.08076	1.00646	1.10692
43	1.08570	1.09240	1.06202	1.16146	1.04366	1.08857	1.02205	1.13301	1.16394	1.14972	1.00482	1.04996	1.04279	1.07440	1.07693	1.03418	1.11025	1.16448	1.10079	1.06240	1.20975	1.01385	1.08968	1.08777	1.07734	0.92743	1.19070	1.13783	1.10112	1.08740	1.01285	1.12909	1.09432	1.07020	1.07421	1.19063	0.97148	1.11469	1.10813	1.07209	1.10001	1.03076	1.05836	1.03089	1.11434	1.10327	1.08109	1.07662	1.03648	1.11601	1.12639	1.05647	1.08348	1.09342	1.15279	1.06077	1.10222	1.05371	1.06619	1.08564	1.01779	1.11710
44	1.09451	1.10536	1.06815	1.16773	1.05483	1.10231	1.03252	1.13885	1.16594	1.15480	1.02036	1.06195	1.05087	1.08561	1.08678	1.04416	1.12580	1.17096	1.11372	1.07196	1.21757	1.02589	1.10014	1.09568	1.08870	0.94318	1.19717	1.14707	1.10979	1.09980	1.02427	1.13745	1.10265	1.07808	1.08327	1.19996	0.98228	1.12628	1.11527	1.08007	1.10966	1.04522	1.06639	1.04258	1.12202	1.11147	1.08525	1.08557	1.04257	1.12442	1.13861	1.06279	1.09688	1.10254	1.15839	1.07452	1.11751	1.06577	1.07916	1.09057	1.02893	1.12741
45	1.10349	1.11863	1.07535	1.17383	1.06640	1.11628	1.04346	1.14443	1.16776	1.15999	1.03619	1.07445	1.05941	1.09735	1.09728	1.05501	1.14089	1.17736	1.12619	1.08210	1.22409	1.03841	1.11082	1.10365	1.10020	0.95906	1.20293	1.15557	1.11846	1.11217	1.03644	1.14599	1.11128	1.08619	1.09198	1.20840	0.99309	1.13761	1.12268	1.08809	1.11970	1.05972	1.07513	1.05413	1.13012	1.11986	1.09032	1.09478	1.04929	1.13214	1.15081	1.06945	1.11040	1.11130	1.16378	1.08760	1.13214	1.07799	1.09186	1.09584	1.03972	1.13727
46	1.11222	1.13221	1.08307	1.17901	1.07842	1.13004	1.05498	1.14914	1.16877	1.16516	1.05240	1.08744	1.06839	1.10942	1.10810	1.06667	1.15534	1.18327	1.13817	1.09219	1.22883	1.05100	1.12138	1.11140	1.11153	0.97512	1.20793	1.16323	1.12675	1.12429	1.04914	1.15450	1.11987	1.09470	1.10031	1.21543	1.00404	1.14830	1.13019	1.09637	1.12954	1.07397	1.08427	1.06542	1.13847	1.12825	1.09555	1.10430	1.05623	1.13949	1.16276	1.07625	1.12379	1.11940	1.16894	1.10009	1.14579	1.08995	1.10413	1.10139	1.05045	1.14638
47	1.12056	1.14549	1.09059	1.18247	1.09068	1.14320	1.06694	1.15257	1.16861	1.16985	1.06855	1.10066	1.07754	1.12150	1.11865	1.07863	1.16896	1.18812	1.14979	1.10195	1.23157	1.06362	1.13136	1.11870	1.12258	0.99140	1.21224	1.16983	1.13428	1.13616	1.06209	1.16274	1.12804	1.10337	1.10804	1.22096	1.01533	1.15829	1.13768	1.10501	1.13919	1.08765	1.09367	1.07641	1.14661	1.13603	1.10032	1.11388	1.06328	1.14655	1.17410	1.08333	1.13609	1.12660	1.17375	1.11219	1.15839	1.10139	1.11610	1.10698	1.06148	1.15459
48	1.12830	1.15775	1.09743	1.18367	1.10288	1.15534	1.07907	1.15465	1.16717	1.17404	1.08424	1.11361	1.08691	1.13324	1.12852	1.09050	1.18148	1.19138	1.16103	1.11088	1.23261	1.07590	1.14047	1.12532	1.13337	1.00782	1.21544	1.17498	1.14091	1.14775	1.07501	1.17026	1.13556	1.11208	1.11480	1.22497	1.02739	1.16748	1.14499	1.11388	1.14840	1.10050	1.10322	1.08700	1.15413	1.14259	1.10425	1.12323	1.07022	1.15324	1.18469	1.09043	1.14745	1.13265	1.17796	1.12395	1.17003	1.11217	1.12789	1.11249	1.07290	1.16153
49	1.13483	1.16870	1.10323	1.18265	1.11471	1.16603	1.09124	1.15476	1.16425	1.17753	1.09913	1.12612	1.09638	1.14449	1.13782	1.10199	1.19243	1.19276	1.17137	1.11807	1.23211	1.08743	1.14880	1.13112	1.14362	1.02412	1.21683	1.17833	1.14662	1.15857	1.08764	1.17638	1.14255	1.12084	1.12050	1.22711	1.04007	1.17538	1.15179	1.12255	1.15650	1.11239	1.11256	1.09697	1.16094	1.14765	1.10694	1.13217	1.07670	1.15920	1.19437	1.09742	1.15828	1.13737	1.18122	1.13497	1.18072	1.12230	1.13904	1.11798	1.08436	1.16647
50	1.13931	1.17792	1.10756	1.17940	1.12595	1.17533	1.10300	1.15232	1.15980	1.17989	1.11284	1.13781	1.10560	1.15497	1.14609	1.11274	1.20140	1.19218	1.18026	1.12325	1.23007	1.09792	1.15622	1.13557	1.15265	1.03986	1.21578	1.17962	1.15111	1.16823	1.09969	1.18051	1.14871	1.12970	1.12479	1.22694	1.05295	1.18133	1.15765	1.13048	1.16276	1.12327	1.12059	1.10606	1.16685	1.15110	1.10785	1.14049	1.08238	1.16358	1.20293	1.10417	1.16853	1.14031	1.18296	1.14497	1.19005	1.13152	1.14904	1.12338	1.09549	1.16887
51	1.14138	1.18508	1.10989	1.17370	1.13637	1.18316	1.11367	1.14724	1.15388	1.18060	1.12517	1.14804	1.11415	1.16424	1.15277	1.12227	1.20799	1.18943	1.18741	1.12606	1.22666	1.10722	1.16236	1.13810	1.15983	1.05480	1.21249	1.17837	1.15403	1.17637	1.11082	1.18243	1.15322	1.13841	1.12730	1.22433	1.06566	1.18525	1.16218	1.13724	1.16660	1.13310	1.12673	1.11444	1.17136	1.15280	1.10660	1.14796	1.08665	1.16602	1.20996	1.11003	1.17784	1.14099	1.18278	1.15378	1.19778	1.13924	1.15749	1.12838	1.10605	1.16874
52	1.14112	1.18990	1.10969	1.16572	1.14554	1.18896	1.12292	1.13964	1.14673	1.17924	1.13592	1.15616	1.12155	1.17191	1.15759	1.13011	1.21166	1.18419	1.19262	1.12614	1.22216	1.11513	1.16667	1.13851	1.16454	1.06878	1.20703	1.17434	1.15517	1.18244	1.12070	1.18226	1.15573	1.14626	1.12788	1.21989	1.07809	1.18703	1.16507	1.14260	1.16782	1.14149	1.13085	1.12217	1.17392	1.15262	1.10334	1.15426	1.08902	1.16646	1.21467	1.11463	1.18562	1.13920	1.18065	1.16110	1.20381	1.14530	1.16416	1.13252	1.11588	1.16616
53	1.13872	1.19189	1.10686	1.15587	1.15285	1.19229	1.13023	1.12994	1.13868	1.17566	1.14473	1.16179	1.12731	1.17761	1.16012	1.13592	1.21213	1.17649	1.19558	1.12336	1.21681	1.12132	1.16884	1.13636	1.16631	1.08140	1.19918	1.16759	1.15441	1.18594	1.12892	1.18013	1.15621	1.15250	1.12634	1.21403	1.09000	1.18638	1.16624	1.14597	1.16666	1.14794	1.13289	1.12858	1.17435	1.15071	1.09851	1.15894	1.08955	1.16461	1.21662	1.11777	1.19142	1.13489	1.17654	1.16654	1.20805	1.14949	1.16879	1.13534	1.12436	1.16119
54	1.13405	1.19097	1.10166	1.14464	1.15778	1.19288	1.13495	1.11861	1.12979	1.17015	1.15146	1.16488	1.13113	1.18097	1.16020	1.13945	1.20940	1.16659	1.19590	1.11770	1.21069	1.12523	1.16877	1.13164	1.16514	1.09233	1.18868	1.15844	1.15169	1.18651	1.13501	1.17601	1.15483	1.15691	1.12282	1.20682	1.10096	1.18315	1.16561	1.14692	1.16318	1.15209	1.13278	1.13318	1.17284	1.14742	1.09236	1.16163	1.08800	1.16036	1.21582	1.11882	1.19527	1.12826	1.17047	1.16965	1.21030	1.15144	1.17112	1.13657	1.13086	1.15396
55	1.12695	1.18764	1.09423	1.13241	1.16001	1.19062	1.13691	1.10572	1.11988	1.16269	1.15596	1.16528	1.13258	1.18184	1.15788	1.14060	1.20370	1.15486	1.19332	1.10947	1.20336	1.12669	1.16646	1.12471	1.16105	1.10136	1.17558	1.14743	1.14691	1.18399	1.13852	1.16991	1.15174	1.15929	1.11765	1.19815	1.11039	1.17720	1.16310	1.14516	1.15751	1.15385	1.13038	1.13567	1.16946	1.14300	1.08491	1.16212	1.08423	1.15369	1.21250	1.11772	1.19685	1.11966	1.16258	1.17006	1.21024	1.15091	1.17092	1.13611	1.13491	1.14478
56	1.11752	1.18203	1.08481	1.11927	1.15944	1.18567	1.13609	1.09153	1.10888	1.15317	1.15802	1.16287	1.13139	1.18011	1.15299	1.13935	1.19553	1.14162	1.18808	1.09919	1.19431	1.12573	1.16177	1.11552	1.15426	1.10830	1.16020	1.13492	1.14007	1.17857	1.13920	1.16214	1.14684	1.15936	1.11070	1.18798	1.11779	1.16885	1.15855	1.14032	1.14994	1.15321	1.12564	1.13590	1.16425	1.13710	1.07622	1.16014	1.07856	1.14471	1.20665	1.11448	1.19576	1.10930	1.15322	1.16751	1.20752	1.14771	1.16816	1.13381	1.13641	1.13415
57	1.10626	1.17428	1.07359	1.10524	1.15610	1.17817	1.13256	1.07641	1.09681	1.14173	1.15753	1.15767	1.12773	1.17574	1.14588	1.13571	1.18531	1.12707	1.18063	1.08704	1.18345	1.12250	1.15470	1.10444	1.14525	1.11298	1.14305	1.12104	1.13142	1.17046	1.13711	1.15291	1.14009	1.15679	1.10212	1.17631	1.12277	1.15864	1.15205	1.13261	1.14085	1.15020	1.11897	1.13386	1.15719	1.12934	1.06656	1.15553	1.07117	1.13371	1.19823	1.10880	1.19184	1.09759	1.14284	1.16207	1.20203	1.14190	1.16294	1.12917	1.13533	1.12225
58	1.09349	1.16463	1.06071	1.09054	1.15013	1.16817	1.12663	1.06048	1.08357	1.12857	1.15442	1.15010	1.12169	1.16889	1.13707	1.12978	1.17340	1.11136	1.17122	1.07326	1.17084	1.11726	1.14546	1.09185	1.13457	1.11515	1.12418	1.10606	1.12126	1.15994	1.13244	1.14227	1.13186	1.15165	1.09206	1.16321	1.12497	1.14665	1.14380	1.12242	1.13049	1.14499	1.11055	1.12946	1.14845	1.11978	1.05629	1.14837	1.06227	1.12088	1.18759	1.10100	1.18508	1.08484	1.13176	1.15397	1.19389	1.13382	1.15552	1.12206	1.13165	1.10902
59	1.07927	1.15317	1.04654	1.07526	1.14177	1.15604	1.11865	1.04377	1.06865	1.11395	1.14865	1.14076	1.11337	1.15989	1.12660	1.12184	1.16026	1.09480	1.15999	1.05815	1.15656	1.11017	1.13440	1.07781	1.12266	1.11459	1.10385	1.09003	1.10974	1.14732	1.12530	1.13007	1.12239	1.14421	1.08054	1.14871	1.12416	1.13299	1.13396	1.10992	1.11889	1.13772	1.10030	1.12266	1.13851	1.10876	1.04545	1.13905	1.05209	1.10633	1.17509	1.09149	1.17576	1.07115	1.11987	1.14348	1.18330	1.12377	1.14625	1.11273	1.12535	1.09470
60	1.06346	1.14019	1.03148	1.05928	1.13126	1.14219	1.10882	1.02630	1.05192	1.09803	1.14067	1.13013	1.10288	1.14916	1.11487	1.11230	1.14630	1.07744	1.14715	1.04203	1.14071	1.10132	1.12186	1.06237	1.10980	1.11143	1.08262	1.07299	1.09678	1.13264	1.11603	1.11651	1.11178	1.13478	1.06813	1.13277	1.12021	1.11791	1.12251	1.09580	1.10591	1.12870	1.08844	1.11393	1.12770	1.09647	1.03379	1.12794	1.04070	1.09035	1.16098	1.08036	1.16424	1.05660	1.10703	1.13088	1.17054	1.11209	1.13540	1.10148	1.11672	1.07962
61	1.04641	1.12609	1.01570	1.04236	1.11902	1.12702	1.09765	1.00823	1.03354	1.08079	1.13089	1.11833	1.09052	1.13724	1.10226	1.10155	1.13188	1.05920	1.13323	1.02508	1.12324	1.09092	1.10805	1.04561	1.09615	1.10589	1.06105	1.05508	1.08247	1.11621	1.10498	1.10210	1.10008	1.12357	1.05504	1.11539	1.11320	1.10175	1.10955	1.08058	1.09188	1.11826	1.07519	1.10354	1.11582	1.08290	1.02126	1.11532	1.02831	1.07335	1.14532	1.06790	1.15061	1.04133	1.09327	1.11690	1.15599	1.09923	1.12324	1.08841	1.10627	1.06410
62	1.02862	1.11087	0.99931	1.02450	1.10547	1.11092	1.08556	0.98987	1.01374	1.06234	1.11957	1.10556	1.07674	1.12433	1.08889	1.08979	1.11724	1.04002	1.11878	1.00764	1.10434	1.07937	1.09300	1.02786	1.08206	1.09827	1.03962	1.03661	1.06705	1.09859	1.09237	1.08732	1.08720	1.11078	1.04118	1.09702	1.10391	1.08502	1.09547	1.06465	1.07727	1.10649	1.06095	1.09172	1.10267	1.06807	1.00800	1.10139	1.01525	1.05575	1.12825	1.05432	1.13511	1.02564	1.07888	1.10218	1.14027	1.08555	1.11017	1.07363	1.09462	1.04833
63	1.01056	1.09463	0.98240	1.00597	1.09067	1.09392	1.07266	0.97146	0.99281	1.04311	1.10716	1.09207	1.06213	1.11049	1.07497	1.07706	1.10245	1.01990	1.10404	0.99002	1.08447	1.06700	1.07699	1.00997	1.06790	1.08902	1.01847	1.01791	1.05075	1.08023	1.07859	1.07207	1.07335	1.09670	1.02687	1.07829	1.09314	1.06783	1.08083	1.04868	1.06228	1.09372	1.04640	1.07880	1.08828	1.05255	0.99412	1.08639	1.00166	1.03791	1.11014	1.03974	1.11820	1.00987	1.06396	1.08693	1.12402	1.07165	1.09674	1.05739	1.08233	1.03233
64	0.99238	1.07756	0.96509	0.98710	1.07479	1.07596	1.05911	0.95299	0.97112	1.02344	1.09394	1.07796	1.04710	1.09606	1.06057	1.06352	1.08740	0.99905	1.08890	0.97243	1.06392	1.05377	1.06044	0.99212	1.05373	1.07852	0.99729	0.99919	1.03382	1.06147	1.06410	1.05628	1.05905	1.08157	1.01230	1.05960	1.08142	1.05008	1.06589	1.03262	1.04710	1.08037	1.03154	1.06513	1.07292	1.03656	0.97952	1.07058	0.98751	1.02003	1.09155	1.02481	1.10059	0.99403	1.04844	1.07126	1.10759	1.05786	1.08322	1.04029	1.06969	1.01631
65	0.97413	1.05995	0.94765	0.96789	1.05810	1.05758	1.04509	0.93447	0.94911	1.00361	1.08010	1.06351	1.03197	1.08134	1.04563	1.04942	1.07200	0.97790	1.07353	0.95515	1.04281	1.03980	1.04379	0.97429	1.03958	1.06726	0.97633	0.98048	1.01646	1.04249	1.04930	1.04002	1.04470	1.06589	0.99774	1.04082	1.06892	1.03213	1.05060	1.01647	1.03184	1.06673	1.01639	1.05107	1.05678	1.02014	0.96409	1.05414	0.97269	1.00239	1.07309	1.00979	1.08274	0.97812	1.03250	1.05545	1.09092	1.04394	1.06959	1.02284	1.05689	1.00042
66	0.95591	1.04221	0.93002	0.94844	1.04085	1.03924	1.03065	0.91594	0.92730	0.98382	1.06599	1.04902	1.01697	1.06645	1.03049	1.03510	1.05631	0.95664	1.05814	0.93833	1.02128	1.02542	1.02725	0.95673	1.02535	1.05574	0.95577	0.96199	0.99878	1.02349	1.03453	1.02334	1.03035	1.05025	0.98352	1.02198	1.05589	1.01440	1.03491	1.00067	1.01658	1.05296	1.00119	1.03696	1.03995	1.00340	0.94808	1.03721	0.95732	0.98529	1.05501	0.99460	1.06489	0.96218	1.01633	1.03989	1.07406	1.02989	1.05582	1.00533	1.04417	0.98448
67	0.93826	1.02459	0.91204	0.92907	1.02333	1.02118	1.01591	0.89749	0.90601	0.96407	1.05165	1.03438	1.00206	1.05131	1.01530	1.02061	1.04026	0.93548	1.04284	0.92190	0.99959	1.01110	1.01084	0.93956	1.01089	1.04412	0.93555	0.94387	0.98087	1.00501	1.01992	1.00647	1.01591	1.03480	0.96917	1.00338	1.04269	0.99720	1.01900	0.98515	1.00167	1.03912	0.98607	1.02289	1.02250	0.98649	0.93201	1.01999	0.94167	0.96894	1.03730	0.97962	1.04727	0.94624	1.00004	1.02481	1.05732	1.01578	1.04217	0.98793	1.03156	0.96843
68	0.92129	1.00675	0.89401	0.91014	1.00580	1.00340	1.00096	0.87937	0.88535	0.94441	1.03703	1.01963	0.98718	1.03585	1.00008	1.00584	1.02384	0.91466	1.02742	0.90572	0.97797	0.99705	0.99458	0.92279	0.99619	1.03247	0.91550	0.92616	0.96289	0.98714	1.00545	0.98968	1.00153	1.01953	0.95475	0.98530	1.02966	0.98053	1.00315	0.96960	0.98714	1.02527	0.97109	1.00896	1.00477	0.96977	0.91622	1.00285	0.92595	0.95336	1.02000	0.96488	1.03023	0.93040	0.98356	1.00975	1.04086	1.00175	1.02866	0.97101	1.01899	0.95221
69	0.90474	0.98875	0.87631	0.89187	0.98819	0.98588	0.98574	0.86163	0.86528	0.92491	1.02245	1.00481	0.97228	1.02011	0.98504	0.99077	1.00715	0.89457	1.01159	0.88967	0.95655	0.98326	0.97873	0.90626	0.98108	1.02081	0.89541	0.90892	0.94497	0.96963	0.99129	0.97279	0.98726	1.00441	0.94065	0.96734	1.01673	0.96424	0.98724	0.95370	0.97275	1.01163	0.95613	0.99525	0.98718	0.95342	0.90071	0.98589	0.91001	0.93837	1.00304	0.95031	1.01395	0.91449	0.96671	0.99475	1.02453	0.98797	1.01502	0.95499	1.00629	0.93592
70	0.88841	0.97088	0.85916	0.87428	0.97066	0.96873	0.97032	0.84423	0.84574	0.90539	1.00796	0.98976	0.95739	1.00421	0.97006	0.97563	0.99039	0.87548	0.99520	0.87374	0.93517	0.96967	0.96350	0.88965	0.96542	1.00900	0.87532	0.89220	0.92713	0.95239	0.97743	0.95591	0.97300	0.98945	0.92673	0.94930	1.00368	0.94858	0.97119	0.93744	0.95843	0.99808	0.94083	0.98161	0.97000	0.93708	0.88534	0.96904	0.89391	0.92372	0.98621	0.93600	0.99825	0.89852	0.94954	0.98009	1.00815	0.97401	1.00099	0.93990	0.99323	0.91994
71	0.87226	0.95332	0.84254	0.85722	0.95346	0.95232	0.95480	0.82721	0.82676	0.88604	0.99346	0.97443	0.94240	0.98822	0.95497	0.96071	0.97372	0.85740	0.97858	0.85805	0.91400	0.95632	0.94881	0.87318	0.94940	0.99716	0.85558	0.87602	0.90933	0.93534	0.96375	0.93926	0.95856	0.97472	0.91287	0.93143	0.99051	0.93360	0.95505	0.92137	0.94427	0.98440	0.92525	0.96800	0.95321	0.92088	0.87012	0.95232	0.87776	0.90946	0.96913	0.92167	0.98267	0.88291	0.93256	0.96570	0.99172	0.95963	0.98662	0.92527	0.97987	0.90412
72	0.85636	0.93614	0.82639	0.84063	0.93671	0.93653	0.93910	0.81080	0.80851	0.86712	0.97906	0.95872	0.92716	0.97208	0.93984	0.94612	0.95719	0.83994	0.96190	0.84230	0.89332	0.94329	0.93428	0.85697	0.93313	0.98548	0.83623	0.86037	0.89163	0.91844	0.95013	0.92287	0.94388	0.96014	0.89902	0.91421	0.97741	0.91889	0.93912	0.90571	0.93030	0.97055	0.90964	0.95432	0.93666	0.90511	0.85532	0.93581	0.86159	0.89560	0.95155	0.90715	0.96709	0.86777	0.91596	0.95132	0.97534	0.94529	0.97196	0.91064	0.96625	0.88855
73	0.84070	0.91929	0.81089	0.82451	0.92044	0.92106	0.92326	0.79515	0.79097	0.84876	0.96467	0.94250	0.91162	0.95564	0.92455	0.93169	0.94083	0.82309	0.94527	0.82641	0.87334	0.93048	0.91993	0.84082	0.91676	0.97395	0.81717	0.84516	0.87419	0.90170	0.93641	0.90692	0.92919	0.94543	0.88526	0.89761	0.96444	0.90392	0.92353	0.89015	0.91647	0.95665	0.89416	0.94039	0.92035	0.88991	0.84106	0.91959	0.84531	0.88194	0.93353	0.89288	0.95166	0.85300	0.89980	0.93677	0.95891	0.93110	0.95696	0.89592	0.95230	0.87361
74	0.82507	0.90260	0.79647	0.80890	0.90461	0.90583	0.90740	0.78021	0.77412	0.83109	0.95024	0.92599	0.89590	0.93908	0.90904	0.91730	0.92478	0.80694	0.92883	0.81065	0.85403	0.91767	0.90585	0.82490	0.90054	0.96259	0.79845	0.83028	0.85701	0.88517	0.92252	0.89155	0.91489	0.93058	0.87193	0.88127	0.95140	0.88871	0.90818	0.87492	0.90260	0.94288	0.87889	0.92624	0.90440	0.87536	0.82716	0.90376	0.82884	0.86837	0.91551	0.87856	0.93648	0.83858	0.88426	0.92214	0.94225	0.91705	0.94174	0.88114	0.93817	0.85922
75	0.80953	0.88632	0.78303	0.79374	0.88917	0.89086	0.89158	0.76582	0.75800	0.81404	0.93585	0.90950	0.88016	0.92270	0.89338	0.90315	0.90924	0.79147	0.91257	0.79536	0.83529	0.90503	0.89205	0.80944	0.88462	0.95139	0.78038	0.81566	0.84014	0.86908	0.90853	0.87666	0.90088	0.91567	0.85895	0.86498	0.93825	0.87355	0.89288	0.86031	0.88882	0.92943	0.86386	0.91203	0.88870	0.86129	0.81376	0.88836	0.81220	0.85491	0.89769	0.86399	0.92130	0.82464	0.86932	0.90777	0.92561	0.90309	0.92655	0.86628	0.92402	0.84543
76	0.79459	0.87064	0.77044	0.77913	0.87414	0.87623	0.87592	0.75203	0.74264	0.79739	0.92142	0.89301	0.86444	0.90667	0.87750	0.88925	0.89434	0.77656	0.89664	0.78074	0.81711	0.89277	0.87851	0.79459	0.86917	0.94029	0.76315	0.80141	0.82377	0.85356	0.89432	0.86250	0.88700	0.90068	0.84618	0.84925	0.92510	0.85861	0.87797	0.84648	0.87551	0.91626	0.84920	0.89788	0.87319	0.84768	0.80094	0.87341	0.79569	0.84173	0.88024	0.84954	0.90595	0.81121	0.85491	0.89346	0.90915	0.88921	0.91174	0.85122	0.91003	0.83220
77	0.78058	0.85545	0.75874	0.76521	0.85952	0.86206	0.86061	0.73906	0.72820	0.78114	0.90687	0.87662	0.84883	0.89103	0.86161	0.87563	0.88006	0.76215	0.88132	0.76677	0.79975	0.88089	0.86527	0.78044	0.85433	0.92937	0.74672	0.78754	0.80809	0.83843	0.87984	0.84921	0.87329	0.88572	0.83399	0.83430	0.91219	0.84403	0.86375	0.83345	0.86276	0.90346	0.83522	0.88370	0.85796	0.83479	0.78873	0.85892	0.77953	0.82908	0.86338	0.83530	0.89057	0.79837	0.84109	0.87920	0.89298	0.87586	0.89758	0.83599	0.89640	0.81936
78	0.76758	0.84068	0.74789	0.75195	0.84503	0.84805	0.84575	0.72697	0.71485	0.76534	0.89229	0.86056	0.83357	0.87586	0.84606	0.86239	0.86630	0.74832	0.86658	0.75333	0.78333	0.86911	0.85242	0.76687	0.84012	0.91845	0.73097	0.77419	0.79314	0.82366	0.86522	0.83659	0.85991	0.87082	0.82248	0.81999	0.89968	0.82992	0.85033	0.82099	0.85056	0.89113	0.82200	0.86944	0.84313	0.82246	0.77730	0.84488	0.76373	0.81686	0.84720	0.82146	0.87562	0.78624	0.82785	0.86519	0.87724	0.86333	0.88394	0.82085	0.88309	0.80721
79	0.75543	0.82632	0.73793	0.73925	0.83062	0.83405	0.83139	0.71560	0.70232	0.75001	0.87766	0.84518	0.81900	0.86140	0.83084	0.84955	0.85300	0.73523	0.85239	0.74075	0.76769	0.85737	0.84021	0.75402	0.82653	0.90733	0.71597	0.76156	0.77884	0.80929	0.85068	0.82451	0.84705	0.85605	0.81172	0.80611	0.88762	0.81643	0.83789	0.80926	0.83885	0.87928	0.80946	0.85527	0.82873	0.81055	0.76641	0.83133	0.74842	0.80488	0.83185	0.80826	0.86123	0.77479	0.81522	0.85141	0.86190	0.85138	0.87074	0.80611	0.87015	0.79577
80	0.74392	0.81242	0.72878	0.72708	0.81639	0.82039	0.81754	0.70477	0.69060	0.73523	0.86307	0.83071	0.80539	0.84785	0.81606	0.83714	0.84019	0.72284	0.83874	0.72912	0.75284	0.84585	0.82858	0.74216	0.81356	0.89612	0.70186	0.74955	0.76502	0.79533	0.83647	0.81296	0.83481	0.84176	0.80176	0.79272	0.87612	0.80375	0.82643	0.79871	0.82744	0.86788	0.79752	0.84158	0.81472	0.79892	0.75599	0.81836	0.73380	0.79324	0.81734	0.79544	0.84739	0.76402	0.80322	0.83784	0.84708	0.84008	0.85810	0.79181	0.85776	0.78498
81	0.73315	0.79933	0.72016	0.71553	0.80246	0.80712	0.80410	0.69461	0.67985	0.72100	0.84871	0.81724	0.79283	0.83518	0.80194	0.82532	0.82800	0.71108	0.82567	0.71838	0.73877	0.83489	0.81733	0.73114	0.80115	0.88501	0.68874	0.73829	0.75177	0.78184	0.82278	0.80201	0.82295	0.82805	0.79239	0.77998	0.86550	0.79168	0.81591	0.78909	0.81653	0.85688	0.78635	0.82846	0.80110	0.78740	0.74636	0.80598	0.72009	0.78201	0.80327	0.78305	0.83415	0.75395	0.79179	0.82438	0.83283	0.82947	0.84590	0.77800	0.84584	0.77505
82	0.72331	0.78719	0.71212	0.70473	0.78906	0.79419	0.79110	0.68525	0.67006	0.70742	0.83463	0.80464	0.78131	0.82317	0.78864	0.81393	0.81651	0.70002	0.81329	0.70860	0.72545	0.82444	0.80630	0.72095	0.78939	0.87423	0.67663	0.72779	0.73920	0.76874	0.80970	0.79194	0.81164	0.81480	0.78364	0.76793	0.85583	0.78016	0.80636	0.78016	0.80621	0.84625	0.77603	0.81580	0.78794	0.77638	0.73754	0.79418	0.70742	0.77123	0.78975	0.77139	0.82151	0.74456	0.78090	0.81107	0.81889	0.81949	0.83407	0.76481	0.83441	0.76586
83	0.71424	0.77571	0.70488	0.69478	0.77637	0.78158	0.77872	0.67670	0.66137	0.69475	0.82091	0.79301	0.77084	0.81175	0.77637	0.80295	0.80574	0.68969	0.80164	0.69985	0.71291	0.81446	0.79558	0.71154	0.77840	0.86399	0.66549	0.71780	0.72732	0.75598	0.79744	0.78266	0.80112	0.80212	0.77555	0.75636	0.84697	0.76941	0.79747	0.77177	0.79629	0.83603	0.76645	0.80349	0.77534	0.76592	0.72952	0.78292	0.69573	0.76088	0.77706	0.76032	0.80945	0.73576	0.77062	0.79826	0.80538	0.81023	0.82258	0.75242	0.82354	0.75726
84	0.70595	0.76502	0.69855	0.68568	0.76438	0.76927	0.76707	0.66893	0.65385	0.68304	0.80767	0.78242	0.76137	0.80093	0.76516	0.79250	0.79560	0.68015	0.79049	0.69210	0.70103	0.80502	0.78530	0.70261	0.76821	0.85423	0.65535	0.70860	0.71619	0.74366	0.78609	0.77381	0.79136	0.79011	0.76803	0.74528	0.83873	0.75939	0.78904	0.76385	0.78691	0.82628	0.75743	0.79165	0.76333	0.75580	0.72229	0.77241	0.68494	0.75081	0.76530	0.74985	0.79793	0.72762	0.76083	0.78604	0.79231	0.80144	0.81145	0.74084	0.81327	0.74917
85	0.69855	0.75513	0.69317	0.67724	0.75321	0.75748	0.75622	0.66191	0.64748	0.67215	0.79519	0.77278	0.75276	0.79071	0.75482	0.78256	0.78600	0.67150	0.77984	0.68527	0.68977	0.79617	0.77558	0.69418	0.75857	0.84490	0.64634	0.70018	0.70583	0.73181	0.77553	0.76552	0.78224	0.77891	0.76097	0.73479	0.83108	0.75015	0.78117	0.75639	0.77815	0.81698	0.74877	0.78042	0.75188	0.74614	0.71566	0.76276	0.67535	0.74113	0.75454	0.74009	0.78689	0.72027	0.75151	0.77440	0.77944	0.79290	0.80082	0.72995	0.80372	0.74156
86	0.69200	0.74587	0.68864	0.66922	0.74295	0.74659	0.74619	0.65573	0.64230	0.66200	0.78358	0.76387	0.74489	0.78111	0.74526	0.77329	0.77681	0.66393	0.76981	0.67910	0.67940	0.78789	0.76626	0.68640	0.74945	0.83599	0.63835	0.69241	0.69627	0.72057	0.76559	0.75793	0.77356	0.76880	0.75434	0.72497	0.82399	0.74175	0.77380	0.74938	0.77006	0.80795	0.74047	0.76987	0.74089	0.73703	0.70982	0.75393	0.66692	0.73204	0.74475	0.73094	0.77630	0.71382	0.74278	0.76334	0.76700	0.78476	0.79088	0.71958	0.79474	0.73445
87	0.68638	0.73735	0.68474	0.66141	0.73344	0.73656	0.73688	0.65058	0.63812	0.65266	0.77284	0.75555	0.73782	0.77210	0.73646	0.76486	0.76793	0.65763	0.76044	0.67361	0.66992	0.78011	0.75729	0.67944	0.74093	0.82735	0.63117	0.68550	0.68761	0.71012	0.75624	0.75102	0.76509	0.75955	0.74825	0.71578	0.81733	0.73402	0.76699	0.74283	0.76262	0.79930	0.73282	0.75992	0.73022	0.72867	0.70495	0.74586	0.65950	0.72354	0.73571	0.72257	0.76626	0.70823	0.73468	0.75289	0.75513	0.77701	0.78162	0.70968	0.78594	0.72777
88	0.68162	0.72940	0.68158	0.65405	0.72463	0.72733	0.72825	0.64640	0.63466	0.64428	0.76293	0.74779	0.73156	0.76354	0.72835	0.75704	0.75936	0.65269	0.75156	0.66894	0.66127	0.77274	0.74882	0.67347	0.73308	0.81898	0.62472	0.67945	0.67974	0.70041	0.74754	0.74472	0.75698	0.75089	0.74286	0.70711	0.81105	0.72699	0.76088	0.73699	0.75558	0.79106	0.72588	0.75068	0.71987	0.72115	0.70082	0.73848	0.65330	0.71570	0.72737	0.71507	0.75698	0.70340	0.72717	0.74305	0.74389	0.76975	0.77288	0.70037	0.77732	0.72152
89	0.67750	0.72164	0.67917	0.64728	0.71652	0.71885	0.72035	0.64311	0.63201	0.63696	0.75382	0.74053	0.72595	0.75543	0.72100	0.74981	0.75110	0.64903	0.74304	0.66509	0.65350	0.76575	0.74095	0.66833	0.72582	0.81096	0.61919	0.67430	0.67258	0.69140	0.73949	0.73888	0.74930	0.74284	0.73810	0.69891	0.80512	0.72060	0.75530	0.73174	0.74873	0.78318	0.71959	0.74218	0.70990	0.71409	0.69753	0.73174	0.64825	0.70857	0.71951	0.70819	0.74827	0.69935	0.72023	0.73380	0.73324	0.76310	0.76448	0.69186	0.76893	0.71591
90	0.67388	0.71428	0.67735	0.64110	0.70898	0.71101	0.71316	0.64066	0.63022	0.63074	0.74554	0.73373	0.72087	0.74780	0.71430	0.74319	0.74312	0.64648	0.73491	0.66205	0.64647	0.75912	0.73375	0.66386	0.71903	0.80338	0.61477	0.67001	0.66624	0.68318	0.73198	0.73343	0.74188	0.73548	0.73394	0.69149	0.79952	0.71471	0.75022	0.72686	0.74222	0.77570	0.71402	0.73425	0.70037	0.70752	0.69523	0.72541	0.64411	0.70203	0.71186	0.70214	0.73983	0.69623	0.71375	0.72508	0.72306	0.75709	0.75632	0.68433	0.76093	0.71081
91	0.67066	0.70747	0.67611	0.63563	0.70216	0.70374	0.70659	0.63903	0.62930	0.62555	0.73829	0.72744	0.71629	0.74062	0.70812	0.73709	0.73545	0.64484	0.72734	0.65986	0.64005	0.75286	0.72716	0.66017	0.71270	0.79629	0.61155	0.66626	0.66063	0.67593	0.72496	0.72855	0.73470	0.72884	0.73050	0.68494	0.79426	0.70935	0.74559	0.72229	0.73627	0.76834	0.70934	0.72681	0.69134	0.70150	0.69397	0.71944	0.64081	0.69608	0.70462	0.69697	0.73149	0.69385	0.70772	0.71680	0.71348	0.75175	0.74848	0.67770	0.75355	0.70602
92	0.66773	0.70122	0.67540	0.63097	0.69628	0.69696	0.70063	0.63820	0.62926	0.62129	0.73195	0.72169	0.71217	0.73394	0.70235	0.73156	0.72819	0.64402	0.72026	0.65857	0.63430	0.74687	0.72105	0.65727	0.70692	0.78961	0.60948	0.66309	0.65580	0.66948	0.71844	0.72425	0.72776	0.72280	0.72771	0.67922	0.78937	0.70442	0.74120	0.71791	0.73100	0.76089	0.70554	0.71978	0.68284	0.69600	0.69368	0.71402	0.63822	0.69066	0.69794	0.69229	0.72341	0.69208	0.70210	0.70896	0.70467	0.74704	0.74102	0.67182	0.74664	0.70157
93	0.66542	0.69552	0.67530	0.62717	0.69127	0.69040	0.69519	0.63820	0.62987	0.61789	0.72628	0.71649	0.70849	0.72779	0.69694	0.72660	0.72143	0.64401	0.71338	0.65835	0.62918	0.74118	0.71555	0.65505	0.70153	0.78324	0.60852	0.66053	0.65192	0.66354	0.71243	0.72049	0.72112	0.71718	0.72547	0.67426	0.78489	0.69994	0.73710	0.71370	0.72638	0.75357	0.70241	0.71310	0.67496	0.69109	0.69408	0.70928	0.63630	0.68571	0.69186	0.68808	0.71588	0.69083	0.69683	0.70155	0.69635	0.74287	0.73392	0.66653	0.74006	0.69748
94	0.66379	0.69029	0.67612	0.62432	0.68702	0.68405	0.69017	0.63904	0.63094	0.61526	0.72121	0.71173	0.70516	0.72214	0.69186	0.72199	0.71520	0.64481	0.70646	0.65915	0.62477	0.73587	0.71075	0.65349	0.69641	0.77736	0.60867	0.65840	0.64880	0.65793	0.70696	0.71722	0.71497	0.71203	0.72368	0.66978	0.78077	0.69608	0.73330	0.70967	0.72229	0.74642	0.69965	0.70693	0.66791	0.68675	0.69494	0.70542	0.63519	0.68146	0.68652	0.68433	0.70898	0.68996	0.69185	0.69457	0.68844	0.73900	0.72716	0.66173	0.73376	0.69380
95	0.66270	0.68552	0.67776	0.62235	0.68340	0.67816	0.68572	0.64067	0.63255	0.61335	0.71668	0.70740	0.70218	0.71706	0.68724	0.71791	0.70934	0.64635	0.69953	0.66086	0.62125	0.73104	0.70657	0.65277	0.69178	0.77194	0.60987	0.65673	0.64633	0.65285	0.70202	0.71429	0.70924	0.70752	0.72215	0.66578	0.77687	0.69281	0.72957	0.70570	0.71872	0.73954	0.69725	0.70126	0.66165	0.68293	0.69628	0.70249	0.63475	0.67804	0.68185	0.68108	0.70247	0.68953	0.68716	0.68806	0.68092	0.73530	0.72082	0.65732	0.72765	0.69059
96	0.66243	0.68148	0.67998	0.62118	0.68025	0.67305	0.68180	0.64303	0.63462	0.61216	0.71268	0.70343	0.69973	0.71256	0.68317	0.71445	0.70394	0.64852	0.69276	0.66341	0.61852	0.72675	0.70300	0.65304	0.68787	0.76675	0.61196	0.65546	0.64453	0.64837	0.69764	0.71161	0.70391	0.70350	0.72090	0.66247	0.77321	0.68990	0.72612	0.70196	0.71567	0.73306	0.69540	0.69601	0.65604	0.67963	0.69821	0.70023	0.63486	0.67548	0.67775	0.67848	0.69646	0.68951	0.68286	0.68210	0.67378	0.73177	0.71500	0.65333	0.72175	0.68791
97	0.66310	0.67816	0.68268	0.62087	0.67767	0.66878	0.67834	0.64606	0.63724	0.61173	0.70928	0.69979	0.69800	0.70855	0.67970	0.71142	0.69912	0.65127	0.68634	0.66647	0.61664	0.72299	0.70012	0.65420	0.68481	0.76163	0.61475	0.65458	0.64343	0.64443	0.69388	0.70919	0.69919	0.69978	0.72003	0.65986	0.77002	0.68730	0.72296	0.69862	0.71293	0.72692	0.69411	0.69123	0.65120	0.67661	0.70067	0.69861	0.63566	0.67378	0.67432	0.67653	0.69110	0.68991	0.67894	0.67669	0.66721	0.72836	0.70964	0.65008	0.71610	0.68566
98	0.66457	0.67541	0.68584	0.62124	0.67572	0.66523	0.67544	0.64965	0.64056	0.61213	0.70622	0.69659	0.69704	0.70501	0.67679	0.70876	0.69493	0.65463	0.68031	0.66992	0.61571	0.71965	0.69801	0.65604	0.68264	0.75651	0.61816	0.65421	0.64298	0.64107	0.69081	0.70697	0.69503	0.69627	0.71955	0.65801	0.76722	0.68533	0.71994	0.69575	0.71017	0.72124	0.69335	0.68685	0.64728	0.67383	0.70353	0.69760	0.63711	0.67279	0.67155	0.67512	0.68638	0.69096	0.67535	0.67187	0.66125	0.72517	0.70457	0.64771	0.71074	0.68382
99	0.66663	0.67316	0.68942	0.62220	0.67413	0.66242	0.67313	0.65376	0.64445	0.61336	0.70344	0.69400	0.69673	0.70194	0.67448	0.70645	0.69155	0.65876	0.67472	0.67379	0.61542	0.71680	0.69668	0.65860	0.68102	0.75143	0.62215	0.65414	0.64307	0.63843	0.68841	0.70487	0.69143	0.69305	0.71938	0.65705	0.76470	0.68408	0.71726	0.69354	0.70734	0.71615	0.69315	0.68289	0.64437	0.67139	0.70681	0.69690	0.63923	0.67238	0.66952	0.67436	0.68233	0.69242	0.67209	0.66761	0.65600	0.72237	0.69981	0.64618	0.70580	0.68244
100	0.66905	0.67152	0.69325	0.62395	0.67289	0.66038	0.67139	0.65843	0.64903	0.61543	0.70122	0.69216	0.69696	0.69933	0.67277	0.70453	0.68900	0.66355	0.66970	0.67816	0.61579	0.71441	0.69581	0.66190	0.67991	0.74654	0.62672	0.65440	0.64363	0.63661	0.68668	0.70285	0.68852	0.69029	0.71946	0.65705	0.76256	0.68344	0.71484	0.69191	0.70481	0.71168	0.69362	0.67957	0.64235	0.66924	0.71056	0.69654	0.64219	0.67267	0.66834	0.67419	0.67893	0.69420	0.66937	0.66404	0.65177	0.72009	0.69552	0.64537	0.70133	0.68149
101	0.67176	0.67060	0.69714	0.62657	0.67208	0.65910	0.67025	0.66376	0.65445	0.61832	0.69954	0.69118	0.69760	0.69732	0.67171	0.70307	0.68723	0.66886	0.66541	0.68312	0.61696	0.71236	0.69507	0.66594	0.67931	0.74190	0.63185	0.65523	0.64486	0.63557	0.68562	0.70116	0.68602	0.68801	0.71983	0.65813	0.76082	0.68321	0.71261	0.69068	0.70280	0.70793	0.69469	0.67680	0.64092	0.66747	0.71472	0.69660	0.64594	0.67356	0.66783	0.67456	0.67616	0.69641	0.66738	0.66130	0.64826	0.71831	0.69176	0.64513	0.69723	0.68099
102	0.67504	0.67030	0.70119	0.63012	0.67167	0.65851	0.66970	0.66978	0.66058	0.62198	0.69841	0.69092	0.69857	0.69587	0.67149	0.70206	0.68646	0.67466	0.66187	0.68867	0.61894	0.71056	0.69470	0.67071	0.67901	0.73764	0.63747	0.65665	0.64684	0.63527	0.68507	0.69994	0.68389	0.68603	0.72054	0.66019	0.75953	0.68328	0.71091	0.69002	0.70127	0.70486	0.69630	0.67452	0.63994	0.66605	0.71912	0.69686	0.65046	0.67491	0.66786	0.67556	0.67418	0.69885	0.66609	0.65945	0.64521	0.71690	0.68843	0.64550	0.69345	0.68095
103	0.67882	0.67058	0.70569	0.63460	0.67173	0.65851	0.66968	0.67645	0.66742	0.62638	0.69795	0.69111	0.69987	0.69485	0.67206	0.70144	0.68672	0.68080	0.65899	0.69480	0.62189	0.70903	0.69470	0.67621	0.67915	0.73393	0.64362	0.65872	0.64941	0.63589	0.68496	0.69925	0.68235	0.68434	0.72166	0.66303	0.75874	0.68388	0.70957	0.69004	0.70009	0.70233	0.69831	0.67283	0.63947	0.66487	0.72349	0.69745	0.65573	0.67664	0.66844	0.67721	0.67278	0.70154	0.66543	0.65853	0.64269	0.71572	0.68572	0.64665	0.68990	0.68138
104	0.68299	0.67152	0.71065	0.63972	0.67231	0.65911	0.67025	0.68361	0.67486	0.63150	0.69788	0.69182	0.70156	0.69456	0.67329	0.70130	0.68802	0.68706	0.65695	0.70158	0.62579	0.70785	0.69504	0.68241	0.67985	0.73078	0.65032	0.66138	0.65246	0.63758	0.68543	0.69907	0.68138	0.68304	0.72315	0.66678	0.75838	0.68507	0.70853	0.69095	0.69923	0.70023	0.70056	0.67177	0.63958	0.66409	0.72779	0.69842	0.66155	0.67890	0.66949	0.67952	0.67180	0.70442	0.66530	0.65844	0.64091	0.71486	0.68377	0.64865	0.68661	0.68231
105	0.68774	0.67333	0.71608	0.64552	0.67340	0.66046	0.67145	0.69128	0.68266	0.63733	0.69825	0.69303	0.70373	0.69507	0.67518	0.70163	0.69042	0.69339	0.65580	0.70886	0.63033	0.70709	0.69586	0.68928	0.68100	0.72827	0.65753	0.66452	0.65610	0.64032	0.68666	0.69945	0.68103	0.68212	0.72492	0.67120	0.75842	0.68667	0.70811	0.69298	0.69875	0.69836	0.70305	0.67134	0.64034	0.66368	0.73232	0.69957	0.66792	0.68188	0.67095	0.68261	0.67131	0.70741	0.66556	0.65899	0.64010	0.71437	0.68253	0.65162	0.68366	0.68377
106	0.69315	0.67597	0.72203	0.65220	0.67512	0.66249	0.67332	0.69957	0.69096	0.64392	0.69931	0.69465	0.70647	0.69621	0.67768	0.70233	0.69371	0.70011	0.65549	0.71651	0.63561	0.70670	0.69718	0.69661	0.68267	0.72642	0.66521	0.66835	0.66049	0.64394	0.68857	0.70058	0.68140	0.68161	0.72716	0.67600	0.75882	0.68876	0.70811	0.69568	0.69863	0.69655	0.70590	0.67151	0.64181	0.66374	0.73710	0.70092	0.67497	0.68563	0.67284	0.68649	0.67133	0.71068	0.66630	0.66021	0.64028	0.71446	0.68191	0.65563	0.68128	0.68570
107	0.69922	0.67931	0.72839	0.65967	0.67750	0.66505	0.67587	0.70844	0.69978	0.65133	0.70099	0.69680	0.70987	0.69787	0.68071	0.70341	0.69781	0.70744	0.65603	0.72450	0.64179	0.70669	0.69898	0.70448	0.68474	0.72518	0.67333	0.67272	0.66556	0.64842	0.69109	0.70267	0.68252	0.68157	0.72995	0.68119	0.75955	0.69132	0.70849	0.69895	0.69874	0.69499	0.70921	0.67218	0.64408	0.66445	0.74193	0.70246	0.68250	0.69010	0.67534	0.69111	0.67195	0.71415	0.66763	0.66212	0.64126	0.71542	0.68177	0.66063	0.67961	0.68801
108	0.70580	0.68320	0.73517	0.66799	0.68024	0.66797	0.67916	0.71771	0.70898	0.65952	0.70337	0.69958	0.71396	0.69991	0.68419	0.70497	0.70263	0.71543	0.65725	0.73267	0.64883	0.70704	0.70129	0.71301	0.68711	0.72457	0.68196	0.67746	0.67112	0.65373	0.69428	0.70555	0.68448	0.68208	0.73325	0.68659	0.76063	0.69436	0.70940	0.70292	0.69911	0.69378	0.71307	0.67353	0.64722	0.66557	0.74653	0.70399	0.69042	0.69510	0.67855	0.69652	0.67324	0.71779	0.66944	0.66472	0.64305	0.71713	0.68208	0.66637	0.67863	0.69071
109	0.71253	0.68755	0.74228	0.67719	0.68337	0.67121	0.68325	0.72724	0.71874	0.66852	0.70649	0.70300	0.71866	0.70229	0.68810	0.70709	0.70778	0.72402	0.65900	0.74095	0.65686	0.70773	0.70404	0.72204	0.69007	0.72454	0.69118	0.68277	0.67706	0.65970	0.69815	0.70889	0.68731	0.68334	0.73699	0.69233	0.76220	0.69793	0.71061	0.70735	0.69987	0.69303	0.71753	0.67576	0.65120	0.66719	0.75068	0.70592	0.69875	0.70056	0.68242	0.70262	0.67524	0.72178	0.67172	0.66811	0.64566	0.71948	0.68302	0.67264	0.67830	0.69380
110	0.71931	0.69236	0.74942	0.68718	0.68700	0.67487	0.68801	0.73708	0.72903	0.67824	0.71022	0.70727	0.72381	0.70520	0.69261	0.70968	0.71328	0.73301	0.66131	0.74931	0.66579	0.70891	0.70727	0.73147	0.69365	0.72494	0.70088	0.68870	0.68344	0.66629	0.70269	0.71270	0.69083	0.68544	0.74105	0.69867	0.76440	0.70187	0.71216	0.71212	0.70110	0.69286	0.72259	0.67891	0.65587	0.66953	0.75461	0.70846	0.70751	0.70658	0.68674	0.70927	0.67795	0.72604	0.67447	0.67215	0.64911	0.72243	0.68466	0.67938	0.67857	0.69728
111	0.72630	0.69768	0.75662	0.69804	0.69114	0.67913	0.69328	0.74729	0.73973	0.68851	0.71446	0.71234	0.72929	0.70861	0.69787	0.71273	0.71907	0.74215	0.66423	0.75769	0.67542	0.71072	0.71105	0.74115	0.69778	0.72584	0.71092	0.69533	0.69037	0.67347	0.70784	0.71693	0.69510	0.68833	0.74540	0.70540	0.76731	0.70612	0.71419	0.71719	0.70277	0.69336	0.72818	0.68309	0.66126	0.67256	0.75852	0.71141	0.71672	0.71302	0.69148	0.71635	0.68139	0.73060	0.67763	0.67700	0.65339	0.72570	0.68692	0.68657	0.67936	0.70125
112	0.73341	0.70330	0.76395	0.70976	0.69596	0.68383	0.69901	0.75789	0.75099	0.69931	0.71911	0.71800	0.73512	0.71242	0.70390	0.71619	0.72503	0.75140	0.66785	0.76613	0.68582	0.71320	0.71529	0.75081	0.70255	0.72725	0.72124	0.70273	0.69779	0.68124	0.71358	0.72154	0.70013	0.69192	0.75010	0.71234	0.77092	0.71071	0.71649	0.72262	0.70471	0.69464	0.73419	0.68837	0.66742	0.67623	0.76221	0.71489	0.72626	0.71980	0.69672	0.72374	0.68567	0.73555	0.68120	0.68275	0.65830	0.72927	0.68978	0.69416	0.68064	0.70574
113	0.74058	0.70915	0.77142	0.72216	0.70154	0.68891	0.70511	0.76876	0.76287	0.71064	0.72394	0.72428	0.74130	0.71690	0.71072	0.72003	0.73133	0.76062	0.67227	0.77469	0.69669	0.71648	0.71987	0.76041	0.70794	0.72908	0.73172	0.71072	0.70560	0.68956	0.72001	0.72667	0.70570	0.69623	0.75497	0.71940	0.77504	0.71569	0.71917	0.72874	0.70672	0.69669	0.74054	0.69478	0.67435	0.68054	0.76592	0.71888	0.73593	0.72691	0.70251	0.73149	0.69078	0.74092	0.68517	0.68919	0.66382	0.73319	0.69340	0.70205	0.68250	0.71071
114	0.74784	0.71526	0.77914	0.73522	0.70769	0.69455	0.71161	0.77990	0.77539	0.72243	0.72919	0.73113	0.74779	0.72211	0.71825	0.72428	0.73798	0.76975	0.67755	0.78334	0.70761	0.72054	0.72470	0.76978	0.71395	0.73138	0.74223	0.71932	0.71382	0.69833	0.72714	0.73234	0.71187	0.70126	0.76002	0.72650	0.77953	0.72125	0.72234	0.73549	0.70897	0.69923	0.74732	0.70224	0.68191	0.68552	0.76986	0.72308	0.74566	0.73453	0.70895	0.73972	0.69660	0.74666	0.68951	0.69611	0.67015	0.73726	0.69784	0.71016	0.68505	0.71613
115	0.75523	0.72167	0.78717	0.74871	0.71440	0.70071	0.71867	0.79136	0.78847	0.73452	0.73498	0.73841	0.75451	0.72794	0.72630	0.72895	0.74498	0.77890	0.68377	0.79215	0.71847	0.72522	0.72972	0.77876	0.72067	0.73410	0.75260	0.72847	0.72243	0.70746	0.73481	0.73871	0.71854	0.70696	0.76530	0.73382	0.78428	0.72748	0.72590	0.74270	0.71154	0.70236	0.75444	0.71043	0.69006	0.69120	0.77409	0.72761	0.75544	0.74279	0.71606	0.74854	0.70290	0.75267	0.69424	0.70349	0.67729	0.74183	0.70297	0.71842	0.68844	0.72204
116	0.76282	0.72852	0.79549	0.76232	0.72159	0.70738	0.72626	0.80320	0.80189	0.74683	0.74106	0.74608	0.76139	0.73435	0.73485	0.73396	0.75252	0.78822	0.69096	0.80111	0.72937	0.73041	0.73507	0.78746	0.72820	0.73720	0.76272	0.73801	0.73143	0.71707	0.74282	0.74599	0.72558	0.71323	0.77075	0.74136	0.78930	0.73429	0.73000	0.75037	0.71439	0.70611	0.76179	0.71901	0.69881	0.69742	0.77866	0.73243	0.76524	0.75174	0.72377	0.75798	0.70951	0.75887	0.69944	0.71141	0.68519	0.74700	0.70840	0.72679	0.69281	0.72853
117	0.77065	0.73592	0.80408	0.77607	0.72900	0.71464	0.73426	0.81534	0.81544	0.75932	0.74759	0.75401	0.76831	0.74122	0.74389	0.73940	0.76043	0.79786	0.69895	0.81019	0.74050	0.73601	0.74084	0.79591	0.73658	0.74082	0.77270	0.74798	0.74083	0.72711	0.75106	0.75412	0.73330	0.71998	0.77650	0.74894	0.79467	0.74167	0.73467	0.75836	0.71742	0.71043	0.76927	0.72788	0.70804	0.70407	0.78338	0.73736	0.77506	0.76128	0.73196	0.76793	0.71640	0.76533	0.70522	0.71993	0.69377	0.75253	0.71400	0.73525	0.69807	0.73567
118	0.77863	0.74369	0.81289	0.78987	0.73666	0.72247	0.74275	0.82772	0.82910	0.77206	0.75467	0.76209	0.77513	0.74846	0.75337	0.74535	0.76863	0.80786	0.70762	0.81950	0.75214	0.74198	0.74699	0.80423	0.74569	0.74496	0.78280	0.75832	0.75060	0.73760	0.75946	0.76290	0.74161	0.72724	0.78252	0.75670	0.80050	0.74952	0.73968	0.76661	0.72062	0.71541	0.77673	0.73718	0.71761	0.71121	0.78814	0.74258	0.78499	0.77140	0.74046	0.77816	0.72363	0.77200	0.71154	0.72913	0.70283	0.75827	0.71982	0.74392	0.70413	0.74346
119	0.78669	0.75174	0.82181	0.80355	0.74470	0.73090	0.75159	0.84025	0.84287	0.78498	0.76216	0.77033	0.78174	0.75617	0.76318	0.75183	0.77717	0.81806	0.71687	0.82897	0.76417	0.74844	0.75360	0.81256	0.75527	0.74969	0.79321	0.76900	0.76075	0.74859	0.76789	0.77208	0.75021	0.73518	0.78871	0.76456	0.80687	0.75780	0.74512	0.77519	0.72414	0.72102	0.78415	0.74693	0.72741	0.71882	0.79319	0.74810	0.79520	0.78210	0.74910	0.78840	0.73120	0.77877	0.71829	0.73909	0.71248	0.76408	0.72600	0.75283	0.71105	0.75176
120	0.79482	0.76013	0.83083	0.81718	0.75314	0.73994	0.76056	0.85269	0.85677	0.79802	0.77018	0.77870	0.78818	0.76434	0.77315	0.75879	0.78584	0.82828	0.72648	0.83870	0.77645	0.75529	0.76062	0.82084	0.76519	0.75520	0.80403	0.78005	0.77134	0.75977	0.77632	0.78144	0.75917	0.74383	0.79530	0.77237	0.81381	0.76665	0.75094	0.78404	0.72815	0.72727	0.79169	0.75703	0.73746	0.72703	0.79866	0.75377	0.80576	0.79329	0.75787	0.79850	0.73920	0.78559	0.72533	0.74975	0.72264	0.76998	0.73262	0.76188	0.71881	0.76061
121	0.80304	0.76895	0.83980	0.83060	0.76209	0.74948	0.76971	0.86483	0.87071	0.81114	0.77866	0.78715	0.79467	0.77289	0.78315	0.76607	0.79479	0.83835	0.73647	0.84884	0.78902	0.76243	0.76798	0.82916	0.77535	0.76144	0.81524	0.79138	0.78246	0.77101	0.78480	0.79078	0.76839	0.75298	0.80240	0.78002	0.82129	0.77607	0.75711	0.79337	0.73263	0.73438	0.79935	0.76744	0.74773	0.73588	0.80441	0.75961	0.81662	0.80475	0.76670	0.80845	0.74773	0.79246	0.73278	0.76087	0.73310	0.77618	0.73973	0.77109	0.72747	0.76996
122	0.81151	0.77820	0.84867	0.84380	0.77161	0.75953	0.77901	0.87659	0.88446	0.82420	0.78739	0.79579	0.80141	0.78191	0.79329	0.77347	0.80423	0.84806	0.74694	0.85922	0.80192	0.76982	0.77569	0.83759	0.78566	0.76828	0.82675	0.80301	0.79399	0.78223	0.79330	0.79998	0.77780	0.76251	0.81001	0.78747	0.82923	0.78604	0.76381	0.80327	0.73775	0.74224	0.80709	0.77811	0.75817	0.74534	0.81020	0.76554	0.82762	0.81625	0.77555	0.81825	0.75677	0.79948	0.74064	0.77230	0.74404	0.78260	0.74742	0.78040	0.73709	0.77958
123	0.82033	0.78772	0.85758	0.85698	0.78156	0.77016	0.78845	0.88804	0.89783	0.83711	0.79649	0.80471	0.80841	0.79140	0.80365	0.78097	0.81399	0.85726	0.75787	0.86978	0.81507	0.77738	0.78358	0.84611	0.79615	0.77557	0.83853	0.81495	0.80572	0.79324	0.80177	0.80902	0.78742	0.77236	0.81810	0.79483	0.83749	0.79642	0.77095	0.81347	0.74373	0.75081	0.81494	0.78898	0.76875	0.75547	0.81604	0.77150	0.83854	0.82765	0.78455	0.82797	0.76599	0.80669	0.74883	0.78389	0.75559	0.78936	0.75572	0.78974	0.74767	0.78942
124	0.82949	0.79727	0.86649	0.86987	0.79189	0.78126	0.79816	0.89911	0.91075	0.84976	0.80586	0.81401	0.81556	0.80137	0.81421	0.78864	0.82414	0.86588	0.76920	0.88037	0.82822	0.78523	0.79142	0.85478	0.80695	0.78315	0.85042	0.82704	0.81743	0.80420	0.81024	0.81803	0.79705	0.78245	0.82661	0.80233	0.84575	0.80689	0.77848	0.82405	0.75047	0.76025	0.82309	0.79998	0.77949	0.76593	0.82194	0.77773	0.84928	0.83909	0.79372	0.83770	0.77525	0.81416	0.75741	0.79558	0.76786	0.79676	0.76459	0.79919	0.75907	0.79946
125	0.83898	0.80678	0.87540	0.88231	0.80252	0.79272	0.80818	0.90985	0.92310	0.86203	0.81533	0.82375	0.82288	0.81182	0.82486	0.79653	0.83454	0.87394	0.78086	0.89068	0.84105	0.79346	0.79918	0.86354	0.81818	0.79093	0.86231	0.83925	0.82907	0.81519	0.81881	0.82714	0.80667	0.79271	0.83547	0.80999	0.85384	0.81751	0.78665	0.83500	0.75802	0.77045	0.83145	0.81088	0.79042	0.77637	0.82788	0.78424	0.85990	0.85058	0.80299	0.84734	0.78465	0.82210	0.76637	0.80742	0.78084	0.80479	0.77386	0.80870	0.77107	0.80970
126	0.84873	0.81630	0.88436	0.89433	0.81330	0.80446	0.81840	0.92039	0.93471	0.87400	0.82509	0.83396	0.83034	0.82265	0.83556	0.80468	0.84494	0.88157	0.79282	0.90080	0.85347	0.80192	0.80698	0.87221	0.82981	0.79894	0.87443	0.85151	0.84064	0.82613	0.82757	0.83633	0.81655	0.80295	0.84466	0.81787	0.86171	0.82831	0.79550	0.84631	0.76628	0.78128	0.83991	0.82146	0.80152	0.78683	0.83373	0.79097	0.87037	0.86198	0.81226	0.85698	0.79451	0.83048	0.77573	0.81925	0.79432	0.81326	0.78334	0.81830	0.78348	0.82017
127	0.85866	0.82592	0.89330	0.90591	0.82428	0.81635	0.82871	0.93065	0.94550	0.88590	0.83503	0.84460	0.83780	0.83368	0.84622	0.81301	0.85541	0.88898	0.80502	0.91059	0.86560	0.81060	0.81505	0.88082	0.84163	0.80729	0.88683	0.86366	0.85209	0.83714	0.83640	0.84560	0.82668	0.81299	0.85420	0.82603	0.86939	0.83916	0.80508	0.85809	0.77497	0.79259	0.84845	0.83178	0.81277	0.79716	0.83942	0.79816	0.88073	0.87310	0.82148	0.86682	0.80476	0.83917	0.78549	0.83106	0.80828	0.82189	0.79314	0.82808	0.79612	0.83088
128	0.86864	0.83550	0.90214	0.91705	0.83549	0.82822	0.83886	0.94060	0.95556	0.89777	0.84491	0.85553	0.84526	0.84477	0.85682	0.82146	0.86572	0.89626	0.81743	0.91994	0.87757	0.81952	0.82354	0.88939	0.85347	0.81622	0.89943	0.87572	0.86338	0.84805	0.84507	0.85493	0.83707	0.82289	0.86400	0.83436	0.87691	0.84981	0.81558	0.87008	0.78431	0.80412	0.85709	0.84184	0.82402	0.80728	0.84504	0.80564	0.89103	0.88406	0.83074	0.87676	0.81522	0.84808	0.79551	0.84300	0.82271	0.83043	0.80334	0.83789	0.80877	0.84195
129	0.87857	0.84491	0.91077	0.92783	0.84683	0.83987	0.84847	0.95030	0.96510	0.90949	0.85493	0.86674	0.85267	0.85579	0.86744	0.83006	0.87568	0.90319	0.83000	0.92913	0.88937	0.82856	0.83225	0.89790	0.86528	0.82577	0.91214	0.88756	0.87448	0.85875	0.85378	0.86412	0.84775	0.83263	0.87390	0.84266	0.88430	0.86030	0.82677	0.88195	0.79433	0.81571	0.86595	0.85166	0.83500	0.81722	0.85077	0.81313	0.90130	0.89500	0.84008	0.88678	0.82586	0.85725	0.80567	0.85495	0.83728	0.83886	0.81396	0.84764	0.82129	0.85353
130	0.88844	0.85429	0.91899	0.93821	0.85826	0.85125	0.85759	0.95984	0.97408	0.92089	0.86498	0.87818	0.86002	0.86670	0.87819	0.83878	0.88530	0.90966	0.84276	0.93829	0.90102	0.83793	0.84121	0.90628	0.87700	0.83583	0.92489	0.89909	0.88538	0.86941	0.86261	0.87313	0.85865	0.84212	0.88380	0.85083	0.89153	0.87088	0.83852	0.89355	0.80484	0.82721	0.87518	0.86128	0.84554	0.82706	0.85679	0.82070	0.91179	0.90599	0.84945	0.89697	0.83674	0.86657	0.81602	0.86697	0.85178	0.84713	0.82506	0.85739	0.83375	0.86551
131	0.89851	0.86365	0.92686	0.94831	0.86968	0.86228	0.86630	0.96938	0.98241	0.93193	0.87500	0.88961	0.86758	0.87753	0.88908	0.84759	0.89451	0.91568	0.85577	0.94757	0.91254	0.84759	0.85062	0.91458	0.88856	0.84631	0.93761	0.91043	0.89615	0.87994	0.87154	0.88204	0.86983	0.85144	0.89370	0.85885	0.89868	0.88177	0.85071	0.90473	0.81595	0.83848	0.88459	0.87063	0.85565	0.83705	0.86319	0.82825	0.92274	0.91697	0.85899	0.90732	0.84783	0.87594	0.82654	0.87905	0.86602	0.85516	0.83673	0.86697	0.84608	0.87790
132	0.90883	0.87287	0.93453	0.95818	0.88089	0.87291	0.87453	0.97909	0.99029	0.94266	0.88525	0.90098	0.87535	0.88824	0.90000	0.85658	0.90339	0.92116	0.86901	0.95712	0.92388	0.85734	0.86045	0.92277	0.89990	0.85729	0.95010	0.92134	0.90669	0.89039	0.88074	0.89093	0.88132	0.86060	0.90346	0.86679	0.90584	0.89295	0.86299	0.91559	0.82746	0.84952	0.89417	0.87991	0.86547	0.84736	0.86993	0.83569	0.93407	0.92797	0.86893	0.91786	0.85900	0.88544	0.83712	0.89110	0.87981	0.86312	0.84899	0.87651	0.85830	0.89053
133	0.91939	0.88178	0.94194	0.96753	0.89183	0.88306	0.88230	0.98898	0.99784	0.95314	0.89557	0.91230	0.88337	0.89874	0.91072	0.86581	0.91202	0.92616	0.88237	0.96675	0.93502	0.86724	0.87060	0.93078	0.91092	0.86882	0.96196	0.93169	0.91692	0.90079	0.89034	0.89974	0.89289	0.86957	0.91293	0.87481	0.91298	0.90437	0.87532	0.92632	0.83914	0.86033	0.90397	0.88932	0.87511	0.85808	0.87689	0.84309	0.94573	0.93898	0.87924	0.92858	0.87017	0.89542	0.84758	0.90340	0.89319	0.87108	0.86173	0.88621	0.87056	0.90309
134	0.93027	0.89041	0.94895	0.97625	0.90233	0.89260	0.88968	0.99901	1.00527	0.96331	0.90588	0.92351	0.89197	0.90901	0.92103	0.87527	0.92025	0.93093	0.89571	0.97636	0.94603	0.87718	0.88100	0.93857	0.92159	0.88072	0.97315	0.94142	0.92707	0.91081	0.90040	0.90830	0.90463	0.87829	0.92226	0.88301	0.92002	0.91601	0.88759	0.93678	0.85118	0.87097	0.91373	0.89866	0.88452	0.86929	0.88402	0.85054	0.95759	0.94984	0.88983	0.93934	0.88121	0.90585	0.85773	0.91601	0.90607	0.87910	0.87482	0.89590	0.88308	0.91550
135	0.94136	0.89889	0.95545	0.98434	0.91211	0.90152	0.89679	1.00913	1.01295	0.97322	0.91650	0.93459	0.90118	0.91892	0.93096	0.88495	0.92821	0.93580	0.90891	0.98574	0.95699	0.88700	0.89169	0.94615	0.93191	0.89290	0.98372	0.95044	0.93719	0.92047	0.91086	0.91648	0.91662	0.88673	0.93141	0.89133	0.92682	0.92782	0.89934	0.94698	0.86343	0.88163	0.92334	0.90802	0.89362	0.88095	0.89123	0.85813	0.96933	0.96050	0.90055	0.95017	0.89202	0.91647	0.86752	0.92890	0.91835	0.88723	0.88795	0.90576	0.89579	0.92760
136	0.95250	0.90727	0.96139	0.99187	0.92118	0.90996	0.90375	1.01935	1.02108	0.98299	0.92731	0.94546	0.91097	0.92843	0.94054	0.89478	0.93591	0.94104	0.92180	0.99453	0.96795	0.89667	0.90280	0.95362	0.94200	0.90527	0.99363	0.95901	0.94727	0.92978	0.92145	0.92414	0.92866	0.89500	0.94034	0.89985	0.93320	0.93971	0.91069	0.95687	0.87570	0.89239	0.93264	0.91754	0.90246	0.89313	0.89833	0.86578	0.98080	0.97086	0.91122	0.96107	0.90253	0.92708	0.87709	0.94208	0.93003	0.89532	0.90088	0.91590	0.90854	0.93936
137	0.96353	0.91536	0.96682	0.99893	0.92975	0.91780	0.91058	1.02960	1.02977	0.99273	0.93814	0.95595	0.92134	0.93760	0.94993	0.90469	0.94310	0.94675	0.93421	1.00278	0.97884	0.90591	0.91424	0.96111	0.95196	0.91769	1.00302	0.96735	0.95732	0.93861	0.93188	0.93129	0.94069	0.90337	0.94904	0.90864	0.93903	0.95143	0.92177	0.96625	0.88794	0.90311	0.94143	0.92720	0.91119	0.90597	0.90561	0.87329	0.99179	0.98068	0.92178	0.97182	0.91283	0.93756	0.88648	0.95515	0.94109	0.90334	0.91354	0.92619	0.92123	0.95087
138	0.97412	0.92307	0.97190	1.00567	0.93803	0.92502	0.91720	1.03976	1.03896	1.00255	0.94893	0.96606	0.93205	0.94642	0.95941	0.91466	0.94983	0.95286	0.94604	1.01053	0.98943	0.91481	0.92571	0.96871	0.96171	0.93005	1.01197	0.97561	0.96730	0.94724	0.94189	0.93812	0.95257	0.91201	0.95738	0.91775	0.94425	0.96273	0.93252	0.97510	0.89983	0.91356	0.94993	0.93731	0.91992	0.91949	0.91351	0.88044	1.00195	0.98993	0.93208	0.98220	0.92294	0.94796	0.89565	0.96802	0.95159	0.91137	0.92586	0.93680	0.93381	0.96202
139	0.98419	0.93054	0.97684	1.01239	0.94627	0.93186	0.92373	1.04965	1.04833	1.01234	0.95927	0.97576	0.94288	0.95488	0.96914	0.92487	0.95613	0.95931	0.95729	1.01779	0.99962	0.92380	0.93706	0.97642	0.97111	0.94205	1.02040	0.98409	0.97724	0.95570	0.95145	0.94456	0.96394	0.92094	0.96526	0.92728	0.94882	0.97372	0.94307	0.98337	0.91138	0.92376	0.95822	0.94773	0.92870	0.93364	0.92237	0.88706	1.01118	0.99860	0.94193	0.99197	0.93279	0.95838	0.90451	0.98065	0.96166	0.91938	0.93794	0.94766	0.94621	0.97272
140	0.99390	0.93806	0.98196	1.01943	0.95462	0.93855	0.93033	1.05908	1.05749	1.02184	0.96898	0.98494	0.95368	0.96296	0.97917	0.93540	0.96203	0.96598	0.96802	1.02459	1.00942	0.93300	0.94814	0.98423	0.98012	0.95333	1.02833	0.99301	0.98712	0.96389	0.96056	0.95065	0.97462	0.93008	0.97256	0.93718	0.95277	0.98434	0.95332	0.99105	0.92279	0.93388	0.96627	0.95807	0.93751	0.94828	0.93216	0.89313	1.01952	1.00668	0.95138	1.00095	0.94224	0.96876	0.91303	0.99258	0.97139	0.92735	0.94986	0.95853	0.95831	0.98299
141	1.00321	0.94589	0.98752	1.02693	0.96307	0.94532	0.93702	1.06796	1.06609	1.03095	0.97817	0.99357	0.96409	0.97061	0.98943	0.94603	0.96773	0.97275	0.97825	1.03099	1.01881	0.94268	0.95880	0.99208	0.98878	0.96398	1.03560	1.00236	0.99677	0.97189	0.96921	0.95665	0.98449	0.93944	0.97912	0.94725	0.95606	0.99449	0.96307	0.99838	0.93368	0.94393	0.97435	0.96814	0.94644	0.96315	0.94249	0.89877	1.02709	1.01406	0.96054	1.00911	0.95115	0.97933	0.92126	1.00382	0.98085	0.93525	0.96143	0.96933	0.96992	0.99287
142	1.01213	0.95413	0.99366	1.03476	0.97166	0.95239	0.94391	1.07625	1.07381	1.03950	0.98663	1.00167	0.97402	0.97779	0.99975	0.95640	0.97315	0.97976	0.98794	1.03702	1.02773	0.95304	0.96902	1.00000	0.99715	0.97390	1.04215	1.01198	1.00607	0.97973	0.97748	0.96260	0.99355	0.94901	0.98486	0.95734	0.95859	1.00410	0.97240	1.00556	0.94413	0.95369	0.98223	0.97770	0.95561	0.97788	0.95295	0.90412	1.03401	1.02073	0.96945	1.01650	0.95944	0.99028	0.92933	1.01438	0.99001	0.94288	0.97264	0.97972	0.98097	1.00233
143	1.02072	0.96278	1.00046	1.04270	0.98035	0.95980	0.95100	1.08377	1.08062	1.04733	0.99436	1.00926	0.98356	0.98450	1.00994	0.96617	0.97829	0.98712	0.99702	1.04263	1.03610	0.96391	0.97875	1.00787	1.00526	0.98299	1.04832	1.02161	1.01497	0.98760	0.98551	0.96837	1.00199	0.95861	0.98981	0.96724	0.96025	1.01298	0.98117	1.01261	0.95428	0.96296	0.98969	0.98650	0.96501	0.99220	0.96336	0.90936	1.04023	1.02671	0.97807	1.02326	0.96715	1.00168	0.93741	1.02430	0.99866	0.95009	0.98336	0.98946	0.99154	1.01129
144	1.02858	0.97171	1.00784	1.05070	0.98894	0.96763	0.95798	1.09057	1.08663	1.05449	1.00155	1.01633	0.99255	0.99068	1.01981	0.97510	0.98317	0.99489	1.00554	1.04767	1.04380	0.97516	0.98796	1.01541	1.01304	0.99133	1.05408	1.03120	1.02332	0.99581	0.99328	0.97382	1.00995	0.96800	0.99414	0.97677	0.96108	1.02127	0.98927	1.01946	0.96387	0.97165	0.99691	0.99445	0.97463	1.00592	0.97333	0.91475	1.04570	1.03207	0.98628	1.02951	0.97436	1.01363	0.94563	1.03377	1.00678	0.95682	0.99337	0.99873	1.00169	1.01966
145	1.03564	0.98075	1.01553	1.05876	0.99715	0.97594	0.96477	1.09678	1.09174	1.06105	1.00819	1.02286	1.00095	0.99628	1.02911	0.98319	0.98736	1.00311	1.01357	1.05212	1.05084	0.98646	0.99665	1.02250	1.02045	0.99874	1.05939	1.04066	1.03122	1.00426	1.00047	0.97876	1.01747	0.97695	0.99809	0.98582	0.96127	1.02923	0.99681	1.02587	0.97290	0.97979	1.00380	1.00147	0.98440	1.01886	0.98262	0.92059	1.05062	1.03686	0.99398	1.03526	0.98111	1.02589	0.95413	1.04262	1.01430	0.96315	1.00268	1.00720	1.01116	1.02731
146	1.04201	0.98965	1.02316	1.06673	1.00475	0.98463	0.97138	1.10239	1.09597	1.06707	1.01444	1.02876	1.00880	1.00124	1.03788	0.99052	0.99065	1.01163	1.02113	1.05601	1.05729	0.99734	1.00488	1.02896	1.02751	1.00513	1.06432	1.04952	1.03867	1.01286	1.00692	0.98316	1.02449	0.98531	1.00166	0.99437	0.96105	1.03684	1.00370	1.03172	0.98129	0.98718	1.01032	1.00775	0.99415	1.03093	0.99132	0.92688	1.05492	1.04109	1.00121	1.04046	0.98741	1.03813	0.96297	1.05093	1.02119	0.96907	1.01139	1.01481	1.01995	1.03425
147	1.04762	0.99816	1.03049	1.07451	1.01156	0.99350	0.97741	1.10743	1.09926	1.07266	1.02038	1.03397	1.01605	1.00549	1.04609	0.99720	0.99308	1.02026	1.02816	1.05927	1.06317	1.00767	1.01264	1.03461	1.03404	1.01062	1.06867	1.05787	1.04553	1.02144	1.01256	0.98699	1.03088	0.99304	1.00464	1.00242	0.96048	1.04407	1.00977	1.03684	0.98883	0.99377	1.01654	1.01359	1.00366	1.04205	0.99956	0.93358	1.05834	1.04470	1.00785	1.04509	0.99320	1.05004	0.97204	1.05900	1.02750	0.97456	1.01956	1.02187	1.02815	1.04044
148	1.05251	1.00607	1.03735	1.08193	1.01763	1.00229	0.98270	1.11175	1.10149	1.07771	1.02579	1.03838	1.02265	1.00899	1.05358	1.00341	0.99476	1.02877	1.03457	1.06195	1.06850	1.01732	1.01986	1.03937	1.03998	1.01510	1.07238	1.06577	1.05190	1.02946	1.01743	0.99015	1.03651	1.00016	1.00690	1.00991	0.95949	1.05086	1.01496	1.04093	0.99572	0.99966	1.02224	1.01888	1.01276	1.05225	1.00745	0.94061	1.06075	1.04761	1.01374	1.04895	0.99843	1.06124	0.98102	1.06648	1.03314	0.97967	1.02720	1.02833	1.03545	1.04582
149	1.05669	1.01332	1.04351	1.08876	1.02296	1.01076	0.98721	1.11496	1.10255	1.08204	1.03055	1.04182	1.02851	1.01179	1.06026	1.00921	0.99604	1.03672	1.04016	1.06410	1.07321	1.02612	1.02649	1.04321	1.04527	1.01872	1.07536	1.07312	1.05775	1.03664	1.02148	0.99268	1.04122	1.00676	1.00828	1.01670	0.95797	1.05713	1.01928	1.04387	1.00190	1.00498	1.02732	1.02358	1.02128	1.06172	1.01494	0.94788	1.06216	1.04980	1.01882	1.05183	1.00303	1.07174	0.98961	1.07311	1.03808	0.98440	1.03406	1.03410	1.04183	1.05041
150	1.06014	1.01993	1.04875	1.09491	1.02751	1.01877	0.99073	1.11707	1.10228	1.08555	1.03460	1.04433	1.03344	1.01376	1.06605	1.01459	0.99705	1.04389	1.04474	1.06568	1.07721	1.03407	1.03244	1.04619	1.04966	1.02177	1.07730	1.07986	1.06290	1.04283	1.02463	0.99469	1.04488	1.01295	1.00883	1.02269	0.95592	1.06303	1.02291	1.04586	1.00723	1.00978	1.03179	1.02766	1.02911	1.07045	1.02172	0.95514	1.06270	1.05124	1.02290	1.05364	1.00684	1.08155	0.99752	1.07863	1.04234	0.98860	1.04004	1.03901	1.04729	1.05407
151	1.06295	1.02595	1.05302	1.10026	1.03131	1.02625	0.99331	1.11817	1.10058	1.08801	1.03771	1.04599	1.03741	1.01497	1.07089	1.01949	0.99764	1.05030	1.04822	1.06667	1.08045	1.04124	1.03763	1.04840	1.05302	1.02424	1.07831	1.08563	1.06729	1.04800	1.02680	0.99621	1.04742	1.01870	1.00869	1.02788	0.95332	1.06839	1.02600	1.04721	1.01200	1.01403	1.03551	1.03084	1.03614	1.07840	1.02776	0.96205	1.06256	1.05182	1.02603	1.05460	1.00972	1.09053	1.00463	1.08283	1.04594	0.99211	1.04516	1.04276	1.05187	1.05675
152	1.06512	1.03132	1.05637	1.10464	1.03434	1.03302	0.99519	1.11832	1.09758	1.08929	1.03984	1.04684	1.04034	1.01562	1.07477	1.02379	0.99781	1.05582	1.05062	1.06691	1.08281	1.04769	1.04204	1.04986	1.05535	1.02625	1.07847	1.09028	1.07060	1.05227	1.02804	0.99726	1.04888	1.02387	1.00777	1.03238	0.95015	1.07315	1.02833	1.04794	1.01624	1.01769	1.03855	1.03297	1.04226	1.08569	1.03301	0.96833	1.06162	1.05156	1.02843	1.05479	1.01161	1.09883	1.01098	1.08589	1.04890	0.99489	1.04927	1.04546	1.05570	1.05853
153	1.06638	1.03593	1.05874	1.10787	1.03646	1.03895	0.99622	1.11756	1.09344	1.08951	1.04100	1.04663	1.04204	1.01547	1.07759	1.02740	0.99730	1.06047	1.05203	1.06624	1.08403	1.05336	1.04549	1.05051	1.05673	1.02761	1.07765	1.09400	1.07262	1.05559	1.02843	0.99776	1.04935	1.02829	1.00622	1.03614	0.94639	1.07742	1.02975	1.04790	1.01983	1.02079	1.04090	1.03393	1.04733	1.09216	1.03729	0.97384	1.05966	1.05042	1.03004	1.05407	1.01257	1.10624	1.01655	1.08776	1.05119	0.99715	1.05229	1.04724	1.05874	1.05933
154	1.06660	1.03965	1.06011	1.10978	1.03765	1.04392	0.99630	1.11580	1.08831	1.08866	1.04110	1.04520	1.04266	1.01431	1.07930	1.03032	0.99600	1.06436	1.05244	1.06460	1.08396	1.05805	1.04789	1.05030	1.05730	1.02779	1.07595	1.09657	1.07345	1.05795	1.02804	0.99751	1.04896	1.03164	1.00421	1.03903	0.94204	1.08089	1.03021	1.04700	1.02262	1.02317	1.04228	1.03353	1.05129	1.09772	1.04063	0.97855	1.05664	1.04830	1.03081	1.05239	1.01275	1.11256	1.02124	1.08848	1.05270	0.99883	1.05425	1.04804	1.06098	1.05910
155	1.06579	1.04244	1.06057	1.11033	1.03776	1.04787	0.99558	1.11286	1.08225	1.08675	1.04007	1.04254	1.04233	1.01206	1.08004	1.03243	0.99426	1.06752	1.05173	1.06201	1.08258	1.06186	1.04953	1.04928	1.05716	1.02693	1.07340	1.09811	1.07302	1.05940	1.02697	0.99641	1.04779	1.03380	1.00170	1.04093	0.93713	1.08326	1.02959	1.04537	1.02444	1.02459	1.04264	1.03195	1.05412	1.10221	1.04312	0.98265	1.05262	1.04515	1.03072	1.04972	1.01217	1.11780	1.02504	1.08833	1.05330	0.99970	1.05518	1.04792	1.06260	1.05780
156	1.06408	1.04424	1.06022	1.10979	1.03656	1.05077	0.99395	1.10866	1.07531	1.08373	1.03791	1.03863	1.04106	1.00867	1.07993	1.03360	0.99197	1.06995	1.05004	1.05863	1.08002	1.06503	1.05046	1.04749	1.05628	1.02504	1.06994	1.09885	1.07137	1.05970	1.02512	0.99448	1.04583	1.03484	0.99879	1.04181	0.93170	1.08433	1.02788	1.04300	1.02520	1.02491	1.04192	1.02929	1.05584	1.10553	1.04478	0.98618	1.04773	1.04096	1.02980	1.04599	1.01074	1.12168	1.02797	1.08717	1.05302	0.99965	1.05506	1.04691	1.06350	1.05537
157	1.06151	1.04492	1.05896	1.10818	1.03410	1.05262	0.99140	1.10323	1.06753	1.07939	1.03465	1.03355	1.03903	1.00416	1.07893	1.03378	0.98902	1.07151	1.04727	1.05462	1.07633	1.06729	1.05064	1.04487	1.05446	1.02187	1.06552	1.09863	1.06869	1.05883	1.02235	0.99182	1.04289	1.03475	0.99535	1.04157	0.92564	1.08412	1.02504	1.03982	1.02491	1.02414	1.04004	1.02545	1.05643	1.10801	1.04554	0.98906	1.04203	1.03573	1.02806	1.04109	1.00850	1.12419	1.03004	1.08507	1.05194	0.99870	1.05385	1.04502	1.06360	1.05185
158	1.05809	1.04439	1.05655	1.10538	1.03038	1.05335	0.98799	1.09666	1.05891	1.07367	1.03034	1.02744	1.03611	0.99856	1.07689	1.03289	0.98539	1.07191	1.04328	1.04986	1.07155	1.06848	1.04999	1.04135	1.05149	1.01764	1.05995	1.09738	1.06501	1.05696	1.01852	0.98846	1.03880	1.03349	0.99116	1.04010	0.91886	1.08294	1.02095	1.03575	1.02350	1.02225	1.03706	1.02048	1.05589	1.10947	1.04543	0.99117	1.03549	1.02964	1.02550	1.03493	1.00545	1.12539	1.03121	1.08209	1.04994	0.99684	1.05152	1.04240	1.06291	1.04713
159	1.05380	1.04256	1.05274	1.10142	1.02534	1.05288	0.98352	1.08897	1.04948	1.06663	1.02501	1.02036	1.03214	0.99178	1.07375	1.03080	0.98096	1.07108	1.03803	1.04430	1.06567	1.06850	1.04830	1.03689	1.04722	1.01240	1.05318	1.09487	1.06047	1.05395	1.01340	0.98440	1.03360	1.03101	0.98648	1.03725	0.91153	1.08076	1.01583	1.03087	1.02108	1.01915	1.03296	1.01439	1.05415	1.10955	1.04450	0.99238	1.02801	1.02272	1.02200	1.02752	1.00156	1.12509	1.03124	1.07812	1.04692	0.99401	1.04795	1.03908	1.06136	1.04117
160	1.04874	1.03943	1.04743	1.09627	1.01915	1.05113	0.97791	1.08017	1.03914	1.05841	1.01875	1.01244	1.02735	0.98398	1.06939	1.02737	0.97576	1.06895	1.03148	1.03781	1.05884	1.06722	1.04557	1.03140	1.04167	1.00614	1.04544	1.09082	1.05511	1.04979	1.00693	0.97964	1.02719	1.02721	0.98111	1.03312	0.90353	1.07744	1.00975	1.02532	1.01777	1.01493	1.02774	1.00721	1.05123	1.10836	1.04270	0.99256	1.01957	1.01491	1.01747	1.01908	0.99677	1.12329	1.02993	1.07318	1.04279	0.99028	1.04330	1.03507	1.05883	1.03417
161	1.04290	1.03508	1.04059	1.08988	1.01199	1.04802	0.97150	1.07031	1.02782	1.04904	1.01171	1.00376	1.02163	0.97543	1.06370	1.02257	0.96974	1.06528	1.02371	1.03027	1.05107	1.06463	1.04186	1.02488	1.03496	0.99917	1.03669	1.08538	1.04847	1.04452	0.99922	0.97399	1.01956	1.02214	0.97478	1.02776	0.89476	1.07323	1.00265	1.01905	1.01344	1.00974	1.02161	0.99907	1.04707	1.10578	1.03962	0.99155	1.01013	1.00632	1.01194	1.00972	0.99095	1.11991	1.02733	1.06718	1.03742	0.98568	1.03774	1.03055	1.05524	1.02619
162	1.03622	1.02955	1.03230	1.08227	1.00386	1.04346	0.96416	1.05951	1.01577	1.03855	1.00386	0.99412	1.01476	0.96610	1.05673	1.01639	0.96261	1.05996	1.01491	1.02172	1.04227	1.06056	1.03685	1.01746	1.02719	0.99135	1.02690	1.07865	1.04049	1.03812	0.99041	0.96732	1.01078	1.01595	0.96759	1.02124	0.88524	1.06788	0.99443	1.01180	1.00803	1.00366	1.01456	0.98983	1.04153	1.10183	1.03505	0.98931	0.99969	0.99683	1.00546	0.99945	0.98412	1.11490	1.02331	1.05999	1.03068	0.98021	1.03126	1.02520	1.05062	1.01717
163	1.02876	1.02289	1.02280	1.07342	0.99485	1.03742	0.95566	1.04770	1.00295	1.02706	0.99506	0.98346	1.00681	0.95598	1.04844	1.00885	0.95444	1.05298	1.00492	1.01205	1.03231	1.05484	1.03065	1.00909	1.01846	0.98263	1.01617	1.07087	1.03116	1.03085	0.98073	0.95951	1.00084	1.00874	0.95943	1.01379	0.87490	1.06106	0.98520	1.00341	1.00152	0.99658	1.00645	0.97945	1.03463	1.09653	1.02914	0.98583	0.98834	0.98631	0.99804	0.98837	0.97637	1.10840	1.01777	1.05158	1.02241	0.97381	1.02396	1.01876	1.04485	1.00703
164	1.02056	1.01511	1.01233	1.06344	0.98496	1.02996	0.94604	1.03471	0.98914	1.01467	0.98531	0.97178	0.99766	0.94515	1.03884	1.00007	0.94531	1.04440	0.99370	1.00114	1.02121	1.04773	1.02350	0.99976	1.00901	0.97328	1.00445	1.06244	1.02032	1.02277	0.97037	0.95042	0.98972	1.00054	0.95045	1.00552	0.86373	1.05263	0.97506	0.99381	0.99385	0.98850	0.99717	0.96812	1.02635	1.08956	1.02209	0.98111	0.97620	0.97478	0.98967	0.97667	0.96774	1.10010	1.01083	1.04196	1.01264	0.96643	1.01567	1.01136	1.03781	0.99593
165	1.01159	1.00615	1.00101	1.05253	0.97409	1.02109	0.93518	1.02029	0.97425	1.00147	0.97457	0.95894	0.98725	0.93359	1.02805	0.99006	0.93515	1.03427	0.98138	0.98899	1.00910	1.03924	1.01525	0.98952	0.99886	0.96276	0.99171	1.05320	1.00801	1.01374	0.95918	0.94007	0.97742	0.99132	0.94072	0.99651	0.85180	1.04260	0.96390	0.98296	0.98502	0.97933	0.98674	0.95585	1.01657	1.08108	1.01395	0.97510	0.96342	0.96208	0.98032	0.96445	0.95827	1.08996	1.00248	1.03110	1.00156	0.95812	1.00598	1.00285	1.02945	0.98388
166	1.00178	0.99590	0.98867	1.04054	0.96218	1.01088	0.92301	1.00437	0.95805	0.98748	0.96264	0.94500	0.97579	0.92134	1.01606	0.97878	0.92388	1.02237	0.96774	0.97541	0.99611	1.02928	1.00581	0.97814	0.98793	0.95081	0.97783	1.04287	0.99425	1.00384	0.94707	0.92853	0.96370	0.98096	0.92971	0.98685	0.83890	1.03093	0.95170	0.97085	0.97494	0.96891	0.97510	0.94262	1.00531	1.07102	1.00462	0.96774	0.95001	0.94808	0.96998	0.95151	0.94792	1.07811	0.99271	1.01890	0.98912	0.94894	0.99470	0.99312	1.01974	0.97076
167	0.99092	0.98420	0.97512	1.02718	0.94915	0.99949	0.90959	0.98683	0.94048	0.97261	0.94924	0.93018	0.96312	0.90835	1.00279	0.96609	0.91131	1.00851	0.95276	0.96021	0.98211	1.01803	0.99500	0.96530	0.97620	0.93753	0.96254	1.03128	0.97904	0.99288	0.93394	0.91578	0.94844	0.96938	0.91747	0.97652	0.82506	1.01749	0.93841	0.95742	0.96351	0.95734	0.96216	0.92843	0.99241	1.05893	0.99407	0.95892	0.93579	0.93273	0.95852	0.93770	0.93642	1.06435	0.98152	1.00520	0.97533	0.93874	0.98163	0.98209	1.00858	0.95637
168	0.97871	0.97085	0.96027	1.01222	0.93489	0.98671	0.89477	0.96758	0.92186	0.95663	0.93436	0.91459	0.94917	0.89432	0.98818	0.95192	0.89738	0.99273	0.93646	0.94340	0.96695	1.00544	0.98248	0.95079	0.96351	0.92259	0.94593	1.01835	0.96249	0.98064	0.91964	0.90178	0.93166	0.95649	0.90395	0.96528	0.81043	1.00203	0.92392	0.94263	0.95083	0.94465	0.94800	0.91325	0.97772	1.04495	0.98219	0.94871	0.92067	0.91597	0.94575	0.92290	0.92345	1.04870	0.96885	0.98975	0.96028	0.92743	0.96682	0.96953	0.99577	0.94038
169	0.96484	0.95575	0.94409	0.99581	0.91941	0.97235	0.87831	0.94661	0.90203	0.93922	0.91820	0.89829	0.93404	0.87913	0.97203	0.93617	0.88215	0.97509	0.91851	0.92505	0.95053	0.99148	0.96834	0.93460	0.94975	0.90616	0.92791	1.00394	0.94461	0.96702	0.90412	0.88646	0.91346	0.94219	0.88882	0.95285	0.79502	0.98479	0.90812	0.92652	0.93680	0.93071	0.93279	0.89694	0.96143	1.02900	0.96873	0.93710	0.90457	0.89784	0.93155	0.90699	0.90873	1.03109	0.95471	0.97250	0.94384	0.91488	0.95050	0.95524	0.98109	0.92268
170	0.94896	0.93901	0.92640	0.97798	0.90260	0.95638	0.86020	0.92398	0.88085	0.92012	0.90097	0.88114	0.91740	0.86278	0.95436	0.91873	0.86543	0.95558	0.89903	0.90531	0.93265	0.97615	0.95261	0.91693	0.93480	0.88843	0.90819	0.98787	0.92532	0.95185	0.88734	0.86979	0.89392	0.92654	0.87213	0.93909	0.77877	0.96587	0.89084	0.90916	0.92124	0.91525	0.91655	0.87916	0.94345	1.01115	0.95333	0.92399	0.88736	0.87834	0.91600	0.88998	0.89222	1.01139	0.93915	0.95360	0.92593	0.90084	0.93267	0.93899	0.96470	0.90327
171	0.93098	0.92078	0.90696	0.95863	0.88423	0.93876	0.84034	0.89985	0.85835	0.89918	0.88261	0.86276	0.89907	0.84518	0.93534	0.89955	0.84714	0.93422	0.87821	0.88422	0.91322	0.95909	0.93517	0.89786	0.91821	0.86913	0.88680	0.97004	0.90455	0.93524	0.86916	0.85176	0.87304	0.90954	0.85375	0.92385	0.76150	0.94514	0.87191	0.89050	0.90405	0.89797	0.89896	0.85940	0.92357	0.99165	0.93596	0.90939	0.86893	0.85732	0.89920	0.87173	0.87422	0.98970	0.92193	0.93306	0.90650	0.88509	0.91345	0.92039	0.94662	0.88209
172	0.91103	0.90105	0.88568	0.93762	0.86429	0.91953	0.81855	0.87447	0.83428	0.87636	0.86302	0.84315	0.87909	0.82614	0.91488	0.87864	0.82725	0.91115	0.85578	0.86168	0.89224	0.94024	0.91627	0.87727	0.89974	0.84820	0.86372	0.95045	0.88220	0.91730	0.84955	0.83237	0.85077	0.89104	0.83357	0.90685	0.74292	0.92267	0.85134	0.87038	0.88512	0.87873	0.87978	0.83734	0.90171	0.97009	0.91674	0.89324	0.84911	0.83467	0.88110	0.85199	0.85484	0.96579	0.90276	0.91070	0.88542	0.86761	0.89293	0.89952	0.92674	0.85900
173	0.88897	0.87966	0.86259	0.91493	0.84276	0.89866	0.79469	0.84778	0.80872	0.85154	0.84216	0.82239	0.85733	0.80554	0.89282	0.85598	0.80564	0.88631	0.83168	0.83774	0.86953	0.91965	0.89586	0.85502	0.87931	0.82547	0.83896	0.92912	0.85821	0.89760	0.82844	0.81156	0.82701	0.87090	0.81197	0.88772	0.72298	0.89839	0.82892	0.84870	0.86442	0.85748	0.85889	0.81302	0.87779	0.94632	0.89576	0.87531	0.82754	0.81028	0.86178	0.83077	0.83399	0.93952	0.88143	0.88650	0.86267	0.84847	0.87092	0.87647	0.90495	0.83380
174	0.86481	0.85648	0.83765	0.89050	0.81950	0.87584	0.76856	0.81963	0.78170	0.82467	0.82002	0.80018	0.83372	0.78333	0.86896	0.83154	0.78231	0.85953	0.80585	0.81220	0.84498	0.89701	0.87371	0.83091	0.85677	0.80072	0.81269	0.90598	0.83255	0.87599	0.80576	0.78921	0.80164	0.84894	0.78885	0.86625	0.70158	0.87227	0.80435	0.82533	0.84195	0.83403	0.83627	0.78666	0.85166	0.92032	0.87278	0.85549	0.80413	0.78404	0.84118	0.80787	0.81155	0.91104	0.85777	0.86058	0.83806	0.82758	0.84726	0.85116	0.88122	0.80633
175	0.83856	0.83138	0.81069	0.86415	0.79433	0.85109	0.73996	0.78995	0.75267	0.79575	0.79656	0.77628	0.80820	0.75955	0.84309	0.80525	0.75737	0.83081	0.77809	0.78491	0.81847	0.87227	0.84985	0.80475	0.83207	0.77416	0.78478	0.88095	0.80517	0.85223	0.78137	0.76527	0.77455	0.82493	0.76414	0.84244	0.67847	0.84424	0.77747	0.80009	0.81737	0.80814	0.81161	0.75827	0.82313	0.89175	0.84767	0.83368	0.77886	0.75596	0.81902	0.78305	0.78730	0.88036	0.83168	0.83296	0.81143	0.80477	0.82179	0.82378	0.85565	0.77653
176	0.81009	0.80421	0.78170	0.83555	0.76711	0.82452	0.70910	0.75843	0.72169	0.76493	0.77165	0.75050	0.78058	0.73417	0.81516	0.77705	0.73081	0.80005	0.74845	0.75599	0.78978	0.84534	0.82417	0.77630	0.80509	0.74571	0.75521	0.85409	0.77602	0.82601	0.75512	0.73974	0.74564	0.79869	0.73781	0.81636	0.65361	0.81400	0.74820	0.77281	0.79058	0.77968	0.78470	0.72788	0.79191	0.86087	0.82042	0.80973	0.75166	0.72619	0.79504	0.75642	0.76102	0.84741	0.80313	0.80331	0.78294	0.77994	0.79436	0.79427	0.82838	0.74422
177	0.77934	0.77488	0.75062	0.80443	0.73774	0.79579	0.67613	0.72503	0.68885	0.73216	0.74505	0.72268	0.75091	0.70717	0.78507	0.74676	0.70250	0.76713	0.71681	0.72524	0.75882	0.81601	0.79654	0.74526	0.77571	0.71512	0.72416	0.82518	0.74505	0.79738	0.72694	0.71266	0.71486	0.77010	0.70945	0.78794	0.62703	0.78157	0.71655	0.74350	0.76159	0.74877	0.75554	0.69560	0.75806	0.82769	0.79111	0.78347	0.72247	0.69478	0.76894	0.72780	0.73261	0.81224	0.77203	0.77149	0.75250	0.75296	0.76499	0.76254	0.79919	0.70950
178	0.74629	0.74321	0.71736	0.77069	0.70613	0.76468	0.64113	0.68994	0.65395	0.69733	0.71667	0.69297	0.71931	0.67846	0.75261	0.71429	0.67234	0.73206	0.68294	0.69263	0.72562	0.78436	0.76687	0.71183	0.74402	0.68254	0.69147	0.79390	0.71221	0.76617	0.69681	0.68403	0.68219	0.73916	0.67871	0.75699	0.59883	0.74710	0.68262	0.71225	0.73015	0.71560	0.72446	0.66150	0.72196	0.79198	0.75963	0.75470	0.69131	0.66161	0.74049	0.69703	0.70184	0.77506	0.73843	0.73780	0.72015	0.72375	0.73349	0.72887	0.76801	0.67279
179	0.71091	0.70912	0.68177	0.73445	0.67222	0.73128	0.60443	0.65334	0.61728	0.66051	0.68656	0.66147	0.68568	0.64795	0.71788	0.67967	0.64029	0.69494	0.64693	0.65825	0.69025	0.75039	0.73498	0.67629	0.70998	0.64787	0.65710	0.76004	0.67749	0.73223	0.66482	0.65375	0.64758	0.70593	0.64552	0.72352	0.56919	0.71062	0.64639	0.67912	0.69633	0.68025	0.69172	0.62564	0.68393	0.75391	0.72589	0.72325	0.65822	0.62653	0.71002	0.66444	0.66871	0.73606	0.70244	0.70228	0.68597	0.69222	0.69981	0.69315	0.73472	0.63440
180	0.67349	0.67305	0.64397	0.69586	0.63610	0.69566	0.56636	0.61550	0.57919	0.62185	0.65466	0.62804	0.65010	0.61551	0.68104	0.64291	0.60640	0.65606	0.60889	0.62187	0.65303	0.71413	0.70088	0.63850	0.67355	0.61118	0.62112	0.72350	0.64090	0.69590	0.63096	0.62177	0.61110	0.67048	0.61009	0.68773	0.53821	0.67230	0.60799	0.64412	0.66036	0.64279	0.65738	0.58819	0.64427	0.71337	0.68989	0.68922	0.62344	0.58954	0.67763	0.62990	0.63328	0.69533	0.66409	0.66475	0.64979	0.65833	0.66430	0.65541	0.69888	0.59467
181	0.63430	0.63520	0.60427	0.65516	0.59807	0.65803	0.52716	0.57677	0.53995	0.58151	0.62097	0.59284	0.61271	0.58116	0.64213	0.60424	0.57076	0.61578	0.56896	0.58353	0.61422	0.67576	0.66474	0.59889	0.63504	0.57286	0.58340	0.68450	0.60250	0.65724	0.59524	0.58822	0.57291	0.63294	0.57297	0.64950	0.50595	0.63240	0.56784	0.60728	0.62239	0.60351	0.62128	0.54943	0.60324	0.67053	0.65189	0.65288	0.58708	0.55094	0.64332	0.59335	0.59554	0.65289	0.62365	0.62517	0.61167	0.62223	0.62696	0.61609	0.66053	0.55386
182	0.59343	0.59562	0.56321	0.61266	0.55843	0.61867	0.48733	0.53728	0.50015	0.53964	0.58553	0.55609	0.57359	0.54501	0.60133	0.56405	0.53357	0.57416	0.52748	0.54346	0.57385	0.63542	0.62643	0.55777	0.59474	0.53300	0.54428	0.64344	0.56239	0.61649	0.55791	0.55339	0.53331	0.59353	0.53465	0.60893	0.47262	0.59114	0.52659	0.56880	0.58254	0.56257	0.58329	0.50961	0.56086	0.62588	0.61216	0.61458	0.54922	0.51124	0.60738	0.55515	0.55596	0.60884	0.58151	0.58387	0.57168	0.58406	0.58781	0.57544	0.61989	0.51219
183	0.55107	0.55454	0.52123	0.56854	0.51739	0.57778	0.44742	0.49720	0.46011	0.49659	0.54824	0.51790	0.53298	0.50727	0.55885	0.52252	0.49521	0.53123	0.48476	0.50197	0.53215	0.59328	0.58606	0.51519	0.55283	0.49199	0.50419	0.60051	0.52081	0.57411	0.51921	0.51740	0.49273	0.55262	0.49540	0.56642	0.43838	0.54873	0.48490	0.52897	0.54101	0.52014	0.54336	0.46903	0.51745	0.57956	0.57101	0.57458	0.51029	0.47099	0.56975	0.51544	0.51519	0.56368	0.53807	0.54166	0.52993	0.54405	0.54709	0.53369	0.57727	0.47006
184	0.50748	0.51212	0.47878	0.52300	0.47536	0.53565	0.40796	0.45679	0.42010	0.45300	0.50929	0.47857	0.49130	0.46835	0.51511	0.48003	0.45645	0.48719	0.44131	0.45976	0.48943	0.54966	0.54410	0.47155	0.50948	0.45050	0.46336	0.55621	0.47824	0.53028	0.47944	0.48033	0.45167	0.51042	0.45550	0.52252	0.40349	0.50561	0.44333	0.48809	0.49816	0.47659	0.50165	0.42806	0.47350	0.53238	0.52886	0.53320	0.47055	0.43065	0.53052	0.47478	0.47383	0.51798	0.49386	0.49898	0.48706	0.50266	0.50510	0.49108	0.53346	0.42776
185	0.46308	0.46875	0.43635	0.47640	0.43290	0.49265	0.36955	0.41652	0.38102	0.40981	0.46916	0.43850	0.44907	0.42879	0.47093	0.43714	0.41789	0.44265	0.39803	0.41748	0.44610	0.50497	0.50115	0.42746	0.46501	0.40893	0.42228	0.51102	0.43552	0.48537	0.43908	0.44238	0.41062	0.46709	0.41556	0.47753	0.36850	0.46236	0.40235	0.44653	0.45463	0.43264	0.45877	0.38710	0.42943	0.48518	0.48604	0.49080	0.43013	0.39054	0.49034	0.43412	0.43244	0.47225	0.44954	0.45607	0.44372	0.46050	0.46257	0.44775	0.48885	0.38572
186	0.41878	0.42524	0.39448	0.42960	0.39069	0.44915	0.33276	0.37724	0.34358	0.36799	0.42836	0.39811	0.40693	0.38927	0.42701	0.39435	0.38012	0.39849	0.35585	0.37589	0.40293	0.45976	0.45769	0.38372	0.42009	0.36799	0.38153	0.46543	0.39328	0.43995	0.39832	0.40399	0.37008	0.42330	0.37643	0.43178	0.33405	0.41945	0.36255	0.40490	0.41111	0.38914	0.41538	0.34672	0.38586	0.43831	0.44292	0.44769	0.38950	0.35130	0.44941	0.39377	0.39158	0.42701	0.40606	0.41352	0.40059	0.41829	0.42029	0.40431	0.44382	0.34475
187	0.37542	0.38225	0.35377	0.38369	0.34950	0.40570	0.29805	0.33970	0.30831	0.32839	0.38747	0.35809	0.36566	0.35046	0.38403	0.35229	0.34387	0.35562	0.31574	0.33606	0.36063	0.41479	0.41426	0.34130	0.37568	0.32860	0.34185	0.42020	0.35205	0.39472	0.35755	0.36589	0.33056	0.37983	0.33885	0.38591	0.30090	0.37726	0.32456	0.36412	0.36832	0.34696	0.37219	0.30766	0.34352	0.39270	0.39994	0.40420	0.34916	0.31369	0.40812	0.35431	0.35179	0.38277	0.36423	0.37176	0.35852	0.37675	0.37870	0.36157	0.39922	0.30573
188	0.33376	0.34049	0.31485	0.33981	0.31016	0.36305	0.26586	0.30425	0.27571	0.29168	0.34710	0.31918	0.32616	0.31310	0.34269	0.31171	0.30974	0.31488	0.27850	0.29874	0.31987	0.37088	0.37165	0.30097	0.33261	0.29139	0.30438	0.37592	0.31264	0.35060	0.31770	0.32891	0.29268	0.33741	0.30327	0.34089	0.26981	0.33641	0.28890	0.32511	0.32702	0.30689	0.33014	0.27075	0.30320	0.34915	0.35756	0.36074	0.30983	0.27843	0.36719	0.31660	0.31375	0.34029	0.32471	0.33135	0.31840	0.33644	0.33858	0.32008	0.35565	0.26958
189	0.29462	0.30089	0.27816	0.29896	0.27345	0.32206	0.23649	0.27120	0.24580	0.25819	0.30785	0.28215	0.28927	0.27800	0.30359	0.27341	0.27810	0.27717	0.24461	0.26452	0.28148	0.32867	0.33078	0.26362	0.29184	0.25726	0.26991	0.33331	0.27579	0.30848	0.27948	0.29368	0.25728	0.29683	0.27017	0.29771	0.24120	0.29776	0.25613	0.28864	0.28812	0.26948	0.29028	0.23678	0.26573	0.30836	0.31653	0.31798	0.27276	0.24612	0.32693	0.28102	0.27805	0.30033	0.28791	0.29302	0.28109	0.29798	0.30056	0.28060	0.31399	0.23703
190	0.25854	0.26412	0.24419	0.26186	0.23999	0.28353	0.20993	0.24079	0.21854	0.22802	0.27044	0.24773	0.25551	0.24566	0.26728	0.23833	0.24904	0.24302	0.21417	0.23381	0.24614	0.28871	0.29243	0.22997	0.25420	0.22677	0.23886	0.29341	0.24195	0.26920	0.24375	0.26076	0.22510	0.25876	0.23994	0.25733	0.21521	0.26215	0.22659	0.25522	0.25236	0.23519	0.25352	0.20639	0.23172	0.27108	0.27780	0.27693	0.23879	0.21711	0.28796	0.24811	0.24518	0.26333	0.25413	0.25752	0.24722	0.26203	0.26507	0.24388	0.27528	0.20839
191	0.22583	0.23067	0.21344	0.22884	0.21015	0.24812	0.18621	0.21306	0.19385	0.20109	0.23562	0.21643	0.22507	0.21644	0.23419	0.20710	0.22205	0.21248	0.18705	0.20647	0.21426	0.25164	0.25706	0.20019	0.22026	0.19983	0.21142	0.25685	0.21121	0.23378	0.21148	0.23050	0.19662	0.22385	0.21241	0.22064	0.19177	0.23005	0.20028	0.22499	0.22003	0.20444	0.22034	0.17993	0.20147	0.23738	0.24221	0.23867	0.20844	0.19133	0.25122	0.21836	0.21550	0.22974	0.22356	0.22570	0.21675	0.22905	0.23266	0.21046	0.24016	0.18345
192	0.19657	0.20088	0.18590	0.19962	0.18398	0.21631	0.16520	0.18762	0.17105	0.17719	0.20391	0.18846	0.19781	0.19056	0.20448	0.17966	0.19677	0.18546	0.16312	0.18207	0.18602	0.21788	0.22484	0.17413	0.19034	0.17634	0.18722	0.22413	0.18361	0.20260	0.18279	0.20283	0.17162	0.19288	0.18715	0.18817	0.17037	0.20148	0.17673	0.19763	0.19136	0.17721	0.19082	0.15714	0.17513	0.20734	0.21044	0.20412	0.18196	0.16837	0.21740	0.19171	0.18901	0.19969	0.19635	0.19761	0.18968	0.19931	0.20341	0.18070	0.20899	0.16147
193	0.17064	0.17463	0.16130	0.17379	0.16106	0.18822	0.14640	0.16386	0.14980	0.15603	0.17568	0.16375	0.17349	0.16779	0.17812	0.15573	0.17285	0.16170	0.14213	0.15989	0.16123	0.18777	0.19590	0.15138	0.16434	0.15568	0.16563	0.19530	0.15918	0.17562	0.15763	0.17749	0.14961	0.16602	0.16378	0.16015	0.15046	0.17601	0.15525	0.17259	0.16614	0.15325	0.16490	0.13753	0.15263	0.18097	0.18264	0.17376	0.15885	0.14761	0.18704	0.16806	0.16540	0.17288	0.17223	0.17254	0.16577	0.17287	0.17724	0.15460	0.18141	0.14158
194	0.14760	0.15142	0.13907	0.15087	0.14069	0.16348	0.12907	0.14130	0.12996	0.13703	0.15081	0.14181	0.15156	0.14747	0.15483	0.13469	0.14990	0.14073	0.12349	0.13904	0.13944	0.16140	0.17010	0.13123	0.14165	0.13692	0.14584	0.16957	0.13766	0.15258	0.13563	0.15417	0.12995	0.14294	0.14203	0.13636	0.13157	0.15300	0.13520	0.14929	0.14373	0.13212	0.14219	0.12040	0.13347	0.15753	0.15831	0.14760	0.13828	0.12840	0.16027	0.14699	0.14401	0.14887	0.15069	0.15001	0.14417	0.14943	0.15407	0.13188	0.15626	0.12341
195	0.12668	0.13063	0.11851	0.13016	0.12213	0.14131	0.11254	0.11997	0.11132	0.11926	0.12870	0.12191	0.13118	0.12874	0.13381	0.11561	0.12808	0.12190	0.10634	0.11910	0.12002	0.13813	0.14664	0.11299	0.12147	0.11956	0.12692	0.14623	0.11815	0.13248	0.11587	0.13258	0.11186	0.12302	0.12169	0.11597	0.11339	0.13187	0.11646	0.12741	0.12340	0.11294	0.12180	0.10489	0.11661	0.13612	0.13663	0.12515	0.11955	0.11038	0.13643	0.12756	0.12407	0.12714	0.13107	0.12938	0.12408	0.12811	0.13303	0.11214	0.13264	0.10644
196	0.10773	0.11209	0.09965	0.11137	0.10507	0.12149	0.09669	0.10048	0.09438	0.10268	0.10902	0.10391	0.11217	0.11142	0.11477	0.09835	0.10795	0.10491	0.09060	0.10024	0.10259	0.11759	0.12504	0.09636	0.10340	0.10353	0.10896	0.12497	0.10033	0.11465	0.09807	0.11318	0.09541	0.10584	0.10291	0.09831	0.09636	0.11266	0.09942	0.10723	0.10478	0.09551	0.10331	0.09080	0.10152	0.11630	0.11731	0.10612	0.10247	0.09384	0.11531	0.10990	0.10551	0.10762	0.11323	0.11064	0.10535	0.10865	0.11393	0.09513	0.11045	0.09081
197	0.09001	0.09467	0.08216	0.09359	0.08852	0.10279	0.08093	0.08261	0.07894	0.08675	0.09070	0.08699	0.09394	0.09459	0.09684	0.08217	0.08948	0.08885	0.07582	0.08249	0.08615	0.09883	0.10441	0.08087	0.08670	0.08820	0.09181	0.10510	0.08370	0.09804	0.08157	0.09532	0.08006	0.09014	0.08555	0.08229	0.08035	0.09524	0.08371	0.08873	0.08722	0.07949	0.08609	0.07751	0.08714	0.09757	0.09948	0.08913	0.08627	0.07859	0.09598	0.09336	0.08800	0.09019	0.09618	0.09376	0.08778	0.09067	0.09635	0.07995	0.08965	0.07672
198	0.07270	0.07751	0.06546	0.07599	0.07231	0.08432	0.06561	0.06551	0.06402	0.07084	0.07293	0.07082	0.07607	0.07778	0.07889	0.06640	0.07169	0.07271	0.06131	0.06509	0.06982	0.08029	0.08397	0.06545	0.07028	0.07274	0.07456	0.08511	0.06762	0.08089	0.06545	0.07807	0.06492	0.07465	0.06878	0.06647	0.06477	0.07801	0.06832	0.07091	0.07012	0.06380	0.06930	0.06392	0.07247	0.07872	0.08160	0.07295	0.07048	0.06379	0.07718	0.07707	0.07062	0.07324	0.07918	0.07677	0.07042	0.07297	0.07862	0.06533	0.06962	0.06278
199	0.06080	0.06637	0.05385	0.06416	0.06189	0.07219	0.05504	0.05342	0.05459	0.06043	0.06078	0.06078	0.06444	0.06675	0.06688	0.05619	0.05949	0.06211	0.05174	0.05254	0.05851	0.06783	0.06996	0.05458	0.05953	0.06319	0.06338	0.07098	0.05690	0.06940	0.05452	0.06727	0.05484	0.06490	0.05730	0.05555	0.05431	0.06738	0.05849	0.05861	0.05854	0.05275	0.05795	0.05553	0.06361	0.06560	0.06989	0.06286	0.06045	0.05415	0.06443	0.06740	0.05840	0.06197	0.06823	0.06577	0.05840	0.06050	0.06686	0.05606	0.05477	0.05402
200	0.04522	0.05049	0.03952	0.04827	0.04709	0.05482	0.04084	0.03890	0.04176	0.04594	0.04514	0.04654	0.04878	0.05073	0.05055	0.04254	0.04424	0.04729	0.03905	0.03810	0.04356	0.05120	0.05211	0.04055	0.04520	0.04905	0.04842	0.05291	0.04275	0.05308	0.04066	0.05162	0.04134	0.05002	0.04270	0.04151	0.04069	0.05249	0.04475	0.04344	0.04373	0.03895	0.04335	0.04319	0.04968	0.04912	0.05344	0.04820	0.04619	0.04109	0.04808	0.05260	0.04316	0.04718	0.05215	0.05087	0.04348	0.04474	0.05097	0.04297	0.03857	0.04194